869
1549
675
1550
206
2350
521
324
1313
951
1419
819
1966
2154
572
2417
1493
623
2525
2668
290
580
2262
1980
1316
2142
2548
1502
1246
228
835
677
2225
989
892
420
1714
109
2608
2401
1247
428
1677
433
813
2588
210
422
2626
1564
2254
1894
1672
1019
1371
153
1696
2665
730
320
327
891
1437
2575
942
119
2685
227
1927
485
2209
2365
88
1001
330
346
306
1952
2045
908
2397
2372
1647
1600
1078
1793
118
658
2207
1929
1355
2610
246
1531
1535
843
259
2404
1875
889
648
287
1641
503
769
2319
760
2318
2299
1092
1453
2216
1139
1354
291
751
712
387
616
1050
2263
1619
1292
484
116
1577
1023
2122
2270
199
758
2555
496
1936
718
1625
643
1288
1304
1101
1787
140
144
334
2113
2583
1244
1909
1480
2361
2233
2367
810
2302
209
2323
1705
1120
2116
1568
553
1086
253
1760
723
2322
1044
1933
958
943
2173
1596
1302
1837
2481
2341
2165
1087
987
2019
315
2245
1224
2032
1916
2101
2513
844
852
2083
2522
691
1298
1937
39
104
2384
1431
2383
622
2553
1985
2475
2689
2249
1515
331
326
1668
1534
1176
2604
1061
922
2075
276
705
376
360
304
702
2150
2547
641
1664
728
1142
115
1997
815
1912
114
2408
978
344
945
2464
1620
1687
968
731
2585
1297
2158
940
1190
1263
934
157
27
329
473
1032
1642
50
905
229
693
1167
1391
2663
1603
1308
988
2100
264
69
198
1106
1891
