1382
494
1267
1463
1195
392
1098
757
434
1004
111
823
603
389
377
147
105
1079
814
1367
68
1099
350
1377
959
464
1124
1007
1029
198
913
502
308
246
32
559
1425
1344
278
586
760
293
1322
401
1127
436
1431
231
650
1303
1324
1138
471
1411
1397
877
1468
1162
561
123
1215
87
1440
285
160
764
653
409
236
1262
873
132
168
1228
703
672
30
964
1450
1271
936
792
528
83
374
1113
858
1205
1385
365
453
1065
2
1234
738
298
261
130
190
403
736
820
685
1345
67
856
338
1090
303
1414
604
461
990
1255
1021
223
956
470
208
1292
783
349
930
779
1437
1227
840
84
923
726
680
1327
626
699
1265
180
1464
963
967
398
74
416
415
45
797
499
979
1068