6249
7207
5013
340
4739
5037
3459
361
2814
3116
5967
6701
163
2293
6922
6634
1112
4962
1718
923
5699
4997
3242
1669
352
2854
4175
4621
1345
883
5667
6107
4942
432
3727
6236
7066
6471
6287
5284
7463
1990
4453
3025
4574
4405
4613
1648
5367
2147
5261
3109
5188
4698
1698
1897
725
3642
5929
2083
3700
1808
2676
3107
5947
2844
537
2566
6856
132
2086
5204
4458
7223
6648
3362
5256
1144
172
1693
4695
2105
74
6571
3314
0
6666
5269
5496
4634
5914
4568
4455
6271
357
839
5178
7343
6068
5747
6248
64
5365
159
7303
5966
7353
2139
6159
6009
3937
4741
6649
5512
7132
2160
5930
5561
4816
1879
2070
4689
101
6973
3970
1047
784
328
4976
6579
4660
6193
5577
6699
5396
475
5605
1362
5321
4805
543
4438
1135
5412
3351
4597
7561
6686
2762
3809
6711
1619
1149
4376
1839
3210
7387
5364
2142
2326
2491
4944
3935
4865
3916
1370
5405
6573
4955
7499
5891
2137
1115
1110
6060
7438
2093
1012
2173
4097
6385
3437
333
2112
1166
6625
3628
5234
5790
1705
7191
7516
6854
7408
4259
5163
953
2650
3852
2261
6166
1264
4814
5465
3834
2992
7222
5701
1293
4839
5833
5226
4974
149
1422
6630
6010
1298
836
4682
4089
1799
7282
5246
279
3583
667
5186
6437
2550
144
2933
2860
5142
6568
3680
4890
88
1389
4446
4289
6206
2686
6426
2276
1623
4270
1876
1977
6986
6076
23
4473
3012
4343
5977
505
1265
6163
5283
1444
6504
2757
2249
2740
4910
6512
2370
5634
1109
770
7177
5282
6128
4970
6612
3587
6505
6746
7411
6075
1159
1606
6043
5805
6729
4968
497
1391
6443
2703
4889
7251
7139
833
6112
6629
4413
5822
6786
4423
797
1869
1716
2109
5767
1388
823
3089
420
5636
6427
2427
7324
414
6916
265
386
3251
7333
5023
914
740
852
7105
2880
2043
3825
423
86
5000
491
3891
5582
1654
2950
6256
3412
6813
4536
7211
5416
3551
7494
5273
5950
4194
2353
3996
2096
1920
4946
5159
864
2375
4679
6103
4694
261
3948
5309
623
3298
3842
2292
5573
1510
6330
1816
6749
6539
2462
5695
3152
5622
6144
2694
2470
848
390
3282
5657
3588
226
1972
6604
7483
945
6880
162
3429
1651
7524
1918
2034
3248
4855
7194
2128
3603
4340
2797
4223
4302
6260
2337
2151
5998
2799
7558
4195
6482
3739
1833
894
885
3484
7339
1583
5722
5656
936
595
736
4820
1826
2158
2674
2682
7511
5539
7208
1890
1944
4661
1989
1604
7419
1970
5119
6816
7430
5661
1645
3598
5964
598
2577
2995
4788
453
2474
6597
2998
6731
3440
3460
7042
5679
7356
2206
5345
7554
1221
3873
1541
249
5369
5559
943
960
301
2013
4918
4752
4185
6950
1709
525
2037
306
3527
5584
786
4286
1326
6188
2892
5025
318
5129
3221
1492
1037
1891
7341
6001
4156
3158
3149
6118
1912
6643
1658
1357
6218
4415
5449
5475
7270
270
1071
2092
3487
154
4037
6668
5154
2590
3128
828
14
6187
4155
5728
406
3052
3344
5481
96
7505
6233
3389
6872
6383
946
5538
3050
3650
6297
4103
82
5409
5794
5686
1659
5103
2677
5854
1386
7280
4197
5232
6327
4979
1188
6838
2118
7373
5579
6621
4031
1344
4651
268
378
3177
4796
3822
3113
3520
3170
3192
1685
3241
6825
7435
2405
3880
2527
6247
585
6139
690
2019
6587
5001
1215
3219
3626
3140
2207
6768
6662
7474
229
2724
6149
2752
5650
247
2879
5212
1235
6991
3355
7092
964
1150
6915
2820
7528
2179
4111
5297
2066
2054
2632
1545
2145
762
3607
1035
539
3135
5311
5340
2065
7482
5368
625
5487
722
1095
4501
3442
5571
1390
4419
2863
5147
6930
50
1516
417
5248
1041
2496
7002
3151
3838
7526
4605
5120
3967
1585
7457
2381
4200
6632
62
4477
2770
878
7049
1049
536
3169
4397
1377
4233
7153
5422
3812
1092
1148
1807
4825
4169
2620
7429
5134
808
6795
1219
3715
982
1904
1322
48
138
6710
6333
7265
7216
3512
2821
4498
470
6958
3591
3423
4154
5574
3320
6115
6337
2265
3486
2343
5407
4811
5602
7155
6119
7500
4001
7506
1932
2511
5812
4798
4670
807
7329
526
6823
305
2926
4044
7061
7083
3129
6242
781
3247
581
3420
971
381
7396
5145
6863
4078
2333
2731
6961
4033
7425
7512
5324
4988
4171
6603
2492
3618
