1931
1391
1522
495
782
1661
1716
875
2624
2543
2811
622
687
1862
2569
1618
1853
1738
1334
30
1623
2864
226
1310
1643
1559
648
1883
1578
1254
2609
2874
587
2522
2481
369
2066
1110
973
1960
1485
2721
2215
1042
941
1966
2525
1924
993
808
706
78
702
613
521
1028
2562
1107
1482
2549
2614
2050
1847
2796
2415
449
517
596
1291
2312
1009
951
1829
2310
2218
1436
2474
1754
2773
1928
2418
389
1432
2024
638
2446
2771
1753
1610
48
2618
778
2885
338
2958
2862
759
1925
2925
2732
1428
76
810
188
2658
1656
85
2244
2297
2275
1484
492
1478
678
1710
2883
1243
155
2469
1320
609
988
752
139
2863
2363
2396
2908
2973
1997
2202
1159
2070
1241
1394
1681
482
1978
246
865
2865
1958
2381
2949
2100
731
1589
2453
1283
2376
821
1495
894
2513
2710
2938
501
2266
565
1763
668
2311
1409
605
2616
2799
1927
2011
1519
310
1218
901
703
2675
976
1204
1392
2062
66
727
693
1256
1122
2966
9
527
2547
1718
2674
2782
1841
2118
1282
244
2690
1105
743
1288
2861
599
1253
1170
491
2924
2941
2922
2407
1476
2752
809
1158
2982
1806
964
2020
3021
160
68
747
1472
1672
171
2332
798
832
1795
2699
2638
237
942
1529
0
529
2364
1707
999
1491
2419
831
1757
340
1641
1635
2703
1700
1985
721
108
476
2042
2335
1499
59
1261
1348
662
2241
1768
256
635
694
2930
883
898
1857
428
3018
2735
14
1167
2961
239
925
2117
2358
2065
1585
1411
838
2788
1437
1263
2516
730
301
2465
754
2717
768
824
889
2291
2867
1191
1043
1129
953
2819
288
839
2249
2187
