0 3303
0 593
1 2461
1 1768
2 1179
2 7111
3 801
3 2958
4 393
4 9
5 5840
5 1374
6 3871
6 2087
7 3141
7 4508
8 1898
8 27
9 156
10 4666
10 3151
11 1394
11 260
12 2350
12 580
13 302
13 16
14 432
14 2228
15 396
15 5050
16 2830
16 6885
17 1795
17 20
18 336
18 1337
19 7443
19 2784
20 29
20 1795
21 2558
21 1645
22 40
22 2221
23 670
23 5952
24 3246
24 1328
25 3046
25 112
26 2309
26 826
27 99
28 220
28 7180
29 1795
30 6237
30 604
31 2455
31 64
32 2729
32 33
33 2729
34 380
34 366
35 4790
35 67
36 4790
36 67
37 1374
37 994
38 177
38 191
39 1593
39 4102
40 2517
40 1829
41 2536
41 2063
42 51
42 3907
43 268
43 772
44 2751
44 1470
45 4750
45 4830
46 69
46 4962
47 6259
47 2817
48 4102
48 1593
49 2615
49 4962
50 4962
50 1682
51 883
51 954
52 6399
52 6778
53 1593
53 105
54 1331
54 1257
55 2133
55 2374
56 1606
56 5330
57 7318
57 7278
58 6975
58 6230
59 4964
59 3328
60 1593
60 74
61 2885
62 3729
62 2742
63 2487
63 4698
64 2455
65 5404
65 5330
66 2858
66 7497
67 4790
68 1091
68 5012
69 4096
69 4104
70 2282
70 1336
71 1430
71 5894
72 3973
72 1084
73 1595
73 279
74 342
75 236
75 241
76 5313
76 1540
77 4248
77 3575
78 619
78 108
79 2726
79 808
80 257
80 856
81 87
81 3128
82 6135
82 3807
83 2961
83 1632
84 4504
84 7217
85 337
85 3176
86 2140
86 1187
87 3128
88 667
88 5879
89 2990
89 375
90 3302
90 2383
91 5139
91 5757
92 739
92 1796
93 6949
93 4381
94 2397
94 4042
95 1488
95 4441
96 269
96 1321
97 217
97 335
98 7554
98 513
99 157
100 1194
101 2287
101 6930
102 3270
102 237
103 1997
103 2349
104 7052
104 6384
105 1593
106 288
106 3224
107 2318
107 2826
108 619
108 210
109 5232
109 1363
110 6949
110 4381
111 5083
111 6180
112 3099
113 6248
114 6454
114 7105
115 931
115 6514
116 6211
116 1544
117 7162
117 7275
118 2706
118 1289
119 700
119 6398
120 7509
120 3967
121 2556
121 2706
122 4312
122 417
123 553
123 6467
124 2133
124 6760
125 517
125 583
126 2304
126 3987
127 1876
127 2577
128 727
128 484
129 2278
129 587
130 6798
130 7445
131 6448
131 1676
132 188
132 6448
133 2327
133 301
134 7278
134 2634
135 1735
135 1157
136 3217
137 438
137 2466
138 7217
138 6195
139 2573
139 2232
140 165
140 1384
141 3848
141 2706
142 7351
142 7064
143 1945
143 2774
144 456
144 2098
145 373
145 7123
146 7144
146 5347
147 165
148 842
148 1482
149 3127
149 5584
150 1111
150 1177
151 2044
151 2026
152 1557
152 2222
153 7159
153 3567
154 1313
154 1168
155 2026
155 986
156 5934
158 4056
158 1282
159 3848
159 2706
160 1315
160 4180
161 966
161 2026
162 5154
162 7295
163 3013
163 7135
164 411
164 169
165 1384
166 197
166 655
167 739
167 1796
168 2000
168 703
169 411
170 4907
170 5243
171 6955
171 6658
172 2125
172 2590
173 5332
173 5330
174 2706
175 2706
175 825
176 2961
176 1754
177 561
178 670
178 840
179 2939
179 2351
180 5383
180 6987
181 378
181 258
182 1712
182 4586
183 185
183 3537
184 2223
184 4347
185 3537
185 273
186 2810
186 209
187 385
187 869
188 850
188 1359
189 667
189 3909
190 254
191 873
192 1892
192 3401
193 596
194 2616
194 247
195 702
195 1380
196 1787
196 267
197 2541
197 519
198 973
198 495
199 5482
199 705
200 1443
200 6906
201 2286
201 392
202 568
202 895
203 257
203 2131
204 1784
204 1675
205 2110
206 2356
206 4518
207 407
207 414
208 4815
208 4818
209 2810
210 973
211 227
211 666
212 267
212 1252
213 214
213 2199
214 2199
214 1277
215 4936
215 2081
216 5344
216 5123
217 335
218 1947
218 4609
219 1183
219 3802
220 1706
221 7372
221 3524
222 1248
222 354
223 1844
223 1816
224 2421
224 2321
225 2815
225 1787
226 1404
226 300
227 666
228 6085
228 5690
229 6246
229 5727
230 3907
231 1478
231 1299
232 5732
232 4162
233 460
233 338
234 5325
235 2401
235 5888
236 241
237 2503
237 6930
238 589
238 5317
239 370
239 1870
240 4910
240 4258
242 592
242 349
243 5938
243 253
244 7515
244 1542
245 2615
245 4962
246 1913
247 2616
247 6805
248 4454
248 6743
249 7082
249 4710
250 2228
250 983
251 3063
251 1520
252 2228
252 432
253 5938
255 6620
255 6935
256 1730
256 350
257 7552
257 856
258 378
259 4660
259 1147
260 549
261 6385
261 2462
262 3907
263 1726
263 2096
264 528
264 4750
265 5482
265 1285
266 300
267 1787
268 806
269 3907
269 1321
270 6932
270 2009
271 6574
272 1481
272 5538
273 1215
273 1972
274 679
275 1255
276 7327
276 1579
277 3464
277 1350
278 1648
278 974
279 3128
279 1595
280 1016
280 422
281 1749
281 1100
282 1438
282 336
283 1317
283 1391
284 7421
285 3388
285 3398
286 657
286 4762
287 2258
287 852
288 534
288 1190
289 1579
289 1146
290 4399
290 3075
291 6007
291 1690
292 7318
292 7278
293 5150
293 5081
294 2615
294 4962
295 7104
295 820
296 597
296 321
297 1389
297 676
298 4486
298 742
299 437
299 407
300 1404
301 2327
302 1163
302 5566
303 711
303 308
304 2873
304 2021
305 328
305 464
306 679
307 4277
307 4630
308 1337
309 1297
309 4265
310 1720
311 6813
311 1288
312 420
312 579
313 3272
313 417
314 1337
315 3099
315 3199
316 6926
316 6146
317 5603
317 3807
318 2994
318 1244
319 6043
319 394
320 2355
320 6966
321 597
322 7445
322 1033
323 2228
324 6798
324 598
325 4238
325 2072
326 6694
326 5950
327 6943
327 6398
328 464
329 2954
329 3049
330 6673
330 6696
331 1472
332 2984
332 479
333 3607
333 3596
334 3755
334 2270
336 5532
336 1337
337 6973
338 342
339 1401
339 352
340 3587
340 3607
341 389
341 732
343 495
343 841
344 5703
344 3747
345 421
345 3024
346 458
346 1743
347 4816
348 7336
348 4619
349 592
350 1730
351 604
352 1401
353 6098
353 2355
354 1248
355 1901
355 555
356 7350
356 6225
357 2309
357 7048
358 1308
358 5737
359 911
359 748
360 1345
360 3427
361 6989
361 371
362 3075
362 1197
364 2777
364 678
365 6466
365 1539
366 685
367 3044
367 7365
368 637
368 434
369 5330
369 5492
370 623
370 500
371 4891
371 6989
372 1102
372 3841
373 1170
373 985
374 4058
374 1947
375 6248
375 6059
376 1382
376 6942
377 6373
377 5330
379 4356
379 2041
380 685
381 597
382 1518
382 562
383 1249
383 624
384 502
384 428
385 2158
386 3189
386 3587
387 4425
387 4942
388 4103
388 4673
389 6034
389 507
390 1051
390 1053
391 7008
391 2820
392 1085
394 6043
394 586
395 982
395 875
396 3086
396 3024
397 5773
397 3598
398 6962
398 3406
399 4460
399 1276
400 3216
400 5810
401 407
402 7166
402 450
403 6824
403 4502
404 2753
404 5796
405 1489
406 4111
406 2870
407 437
408 762
408 5565
409 1742
409 1712
410 1184
410 4830
411 1245
412 3119
413 1239
413 2525
414 1084
415 1938
415 4412
416 726
417 3272
418 1401
418 1419
419 5078
419 1745
421 443
422 1016
423 2350
423 580
424 2614
424 1213
425 2614
425 1213
426 7052
426 6384
427 2228
427 432
428 502
429 5953
429 4843
430 465
430 1244
431 2971
431 504
432 2228
433 5330
433 671
434 637
434 697
435 2624
435 436
436 2624
436 2626
437 647
438 6661
438 2295
439 4816
439 1070
440 1957
440 7103
441 526
441 481
442 7123
442 7126
444 3208
444 3181
445 2295
445 6661
446 6503
446 5269
447 1070
448 844
448 835
449 3865
449 480
451 3928
451 7025
452 1603
452 523
453 4814
453 548
454 989
454 4668
455 1901
455 555
456 2098
457 2490
458 1743
459 4495
459 2062
460 2333
460 2486
461 4038
461 2316
462 3215
462 3126
463 3191
463 6472
465 509
465 6458
466 2706
466 2497
467 981
467 1715
468 6043
469 6876
469 6866
470 558
470 7365
471 543
471 2781
472 477
472 581
473 6688
473 721
474 2800
474 559
475 5774
475 4300
476 666
476 1912
477 1079
477 939
478 560
479 494
480 1508
480 2676
481 526
482 497
483 3807
483 3143
484 5902
484 984
485 6174
487 1901
487 555
488 4721
488 2034
489 3424
489 2332
490 6564
490 6817
491 548
492 6687
492 5330
493 4221
493 1471
494 2533
496 504
496 602
498 6225
499 3581
499 514
500 623
501 6862
501 5611
503 5564
503 6219
504 2971
505 552
505 538
506 4063
506 5411
508 3778
508 4456
509 6885
510 4096
511 1657
511 2195
512 936
512 943
513 7554
513 876
514 3581
515 4107
515 573
516 6535
516 1492
517 583
518 1678
518 4755
519 2541
520 803
520 2457
521 527
521 2169
522 707
522 3895
523 1603
524 5448
524 2548
525 3534
525 3878
527 1785
527 3759
528 1650
528 573
529 901
529 7243
530 7015
530 3923
531 564
531 4259
532 919
532 5823
533 1997
533 1819
534 1190
535 637
536 1007
536 3764
537 855
537 610
538 552
539 553
539 3121
540 6351
540 2000
541 6627
541 7395
542 5761
542 7159
543 644
543 663
544 1003
544 3520
545 3520
546 6773
546 2991
547 2129
549 1670
550 841
551 1785
551 3759
553 569
553 2406
555 2871
555 1901
556 4009
556 3635
557 6966
557 809
558 3417
559 627
560 3907
561 797
562 1518
563 3356
564 1246
565 586
566 1262
566 3323
567 749
567 617
568 895
570 600
571 6918
571 572
572 6933
572 6918
573 1650
574 5157
574 5320
575 4626
575 3202
576 973
577 1394
577 1201
578 827
578 3474
580 2350
582 2152
582 3434
584 701
584 601
585 2378
585 4500
586 6043
587 589
588 2182
588 900
589 5317
590 1260
590 1097
591 7208
591 622
593 3977
593 4587
594 2454
594 4742
595 701
597 1785
597 3759
598 6798
599 2828
599 3547
601 701
602 750
603 5442
603 4953
604 6237
605 751
605 4056
606 4953
606 4464
607 1225
607 689
608 2021
609 1200
609 896
611 4788
611 7448
612 2207
612 640
613 6836
613 6824
614 1618
614 648
616 4055
616 2777
617 749
618 2084
618 1573
619 6095
619 6112
620 4029
620 3534
621 3130
621 2102
623 856
624 2398
625 914
626 627
626 3637
627 3637
628 976
628 692
629 6548
629 653
630 3841
630 4510
631 5599
631 4415
632 6389
632 1054
633 2390
633 1544
634 6236
634 4527
635 4594
635 971
636 6099
636 5867
637 2759
638 5737
639 1839
639 1144
640 2207
641 5906
641 4866
642 5509
642 784
643 6086
643 6890
644 2076
644 2351
645 4479
645 5783
646 3714
646 3720
648 1618
649 1720
649 5169
650 7220
650 2702
651 3377
651 1250
652 1635
652 1395
653 7139
653 6548
654 2676
654 1508
655 3037
656 2752
658 2986
658 1693
659 6900
659 6636
660 1443
660 2978
661 4526
661 5496
662 5047
662 4836
663 1273
664 5985
664 3270
665 3940
665 7335
667 4177
667 3909
668 6918
669 885
669 6333
670 3057
670 6008
672 3825
672 6593
673 1573
673 977
674 2357
674 719
675 2337
675 680
676 1389
677 3106
677 753
678 3034
680 1202
680 2337
681 1637
681 1368
682 7562
682 2570
683 3403
683 1059
684 1324
684 4056
686 2044
686 4925
687 2942
687 2864
688 3034
689 1225
690 3649
690 704
691 6567
691 2605
692 976
693 2872
693 1379
694 6276
694 2224
695 1392
695 2403
696 1136
696 713
697 2759
698 1476
698 5800
699 1909
699 4190
700 4953
702 711
703 2000
704 1588
704 1515
705 2832
705 711
706 5309
706 1771
707 3895
708 2116
708 4061
709 2832
709 711
710 901
710 6295
711 718
711 2832
712 3756
713 976
715 1570
715 7492
716 808
716 863
717 5281
717 755
718 2832
719 1534
720 3378
720 2023
721 2564
722 2211
722 3177
723 863
724 6092
724 3926
725 1220
726 4022
726 3383
727 2564
727 5404
728 767
728 730
729 4362
730 767
731 1071
731 2183
733 2564
733 752
734 1287
734 743
735 743
736 3181
736 3208
737 7403
737 1647
738 4359
738 2429
739 935
739 1796
740 935
740 1796
741 1158
742 7453
742 4486
744 7316
744 7317
745 4574
746 2144
746 4554
747 5295
747 4741
748 911
750 3806
750 1029
751 3353
751 2648
752 5135
752 1916
753 3106
754 2418
754 5037
755 989
756 7489
756 2090
757 5638
757 5413
758 5737
759 3183
759 7111
760 1417
760 1354
761 2475
761 1405
762 4866
762 5565
763 5174
763 4829
764 3184
765 3362
765 2349
766 5330
766 2564
768 849
768 786
769 1739
769 1902
770 4374
770 3911
771 1478
771 1299
772 1182
773 1498
773 5213
774 4092
774 2667
775 1321
776 4839
776 6134
777 1135
777 5007
778 5016
778 4810
779 2693
779 781
780 3413
780 1261
781 2693
782 5843
782 5636
783 3903
783 796
784 2141
785 2885
786 2690
787 1755
787 2079
788 2125
788 1808
789 1401
789 1419
790 4762
791 5210
791 5612
792 3264
792 3546
793 821
793 903
794 6235
794 5358
795 1013
795 972
796 1618
797 1320
798 834
798 846
799 7087
799 1273
800 890
800 884
801 1397
802 3480
802 6329
803 2457
804 3539
804 1109
805 3888
805 3102
806 3597
807 4495
807 6966
808 863
809 5509
810 2961
810 1754
811 2136
811 1677
812 2278
812 7373
813 3068
813 952
814 7303
814 3349
815 1280
815 2347
816 1796
817 1271
817 2862
818 856
818 1040
819 7040
819 1099
820 6693
821 903
822 5207
822 5560
823 2988
823 2997
824 5689
824 7004
826 915
828 5458
828 6003
829 1146
830 3786
831 6618
831 2464
832 5863
832 5910
833 4925
833 2749
834 846
835 844
836 3780
837 1921
837 850
838 1295
838 6178
839 1295
839 6178
841 967
842 1295
842 6178
843 1864
843 2574
845 1527
847 1522
847 4859
848 4255
848 5186
849 902
849 957
850 1359
851 863
852 2258
853 934
853 1061
854 6778
856 7552
857 2245
857 1568
858 5360
858 2564
859 2292
859 2621
860 2530
860 1334
861 1523
861 5110
862 1682
864 1117
865 1304
865 3756
866 6739
866 3708
867 4668
868 992
868 1346
869 7301
870 5186
871 1044
871 4232
872 1585
872 3950
873 908
874 2309
874 879
875 982
876 6503
877 2023
877 899
878 5910
878 5296
879 3141
880 2364
880 3614
881 3079
881 2956
882 2564
883 954
885 5912
885 6679
886 941
886 1060
887 1332
887 988
888 4525
888 5488
889 1684
889 1970
890 4706
891 1615
891 1072
892 4156
893 1684
894 3640
894 2862
896 3613
897 6043
898 5899
898 6310
899 2862
900 2651
900 2681
901 5524
901 4889
902 957
904 1060
905 4281
905 4205
906 1506
906 1136
907 2237
907 6387
909 3648
909 938
910 7301
910 1217
912 2277
912 5933
913 2564
913 5559
914 3169
916 3027
916 4345
917 1141
917 1066
918 6069
918 1089
919 1976
920 2917
920 1210
921 1101
921 4454
922 2689
922 7069
924 1445
924 927
925 1038
926 1618
926 2789
927 1445
928 5323
928 4400
929 2409
929 993
930 5983
930 2350
931 6514
932 971
932 4644
933 1785
933 3759
934 1036
935 1796
936 1862
936 2048
937 1139
937 1019
938 3648
939 1079
940 1439
940 3643
941 2246
942 5902
944 1862
944 2048
945 5932
945 1683
946 1006
946 1080
947 1236
948 6473
949 6306
949 6983
950 1034
951 3134
951 6897
952 3068
953 5495
953 3142
955 3637
956 3282
956 1454
958 1482
958 2005
959 3624
959 6123
960 1465
960 3772
961 6169
961 6170
962 1370
962 1145
963 2624
963 3855
964 1244
964 2226
965 5482
965 2978
966 2044
966 2026
967 1096
967 1521
968 2026
969 1029
969 1009
970 3090
970 2995
971 4594
972 1013
974 3337
974 1648
977 4372
977 4928
978 3901
978 3075
979 2350
980 6502
980 1193
981 2026
982 2205
983 5133
984 5902
985 1170
986 2026
987 4138
987 5375
988 1332
989 2026
990 4947
991 6343
991 3314
992 1148
993 2784
994 1374
996 1166
996 1026
997 1108
997 1152
998 1083
998 1430
999 3401
999 2069
1000 6502
1000 1193
1001 2210
1001 7123
1002 4145
1003 1909
1003 4190
1004 1643
1004 1634
1005 5516
1005 7179
1006 1080
1007 2953
1008 3806
1009 1029
1010 3697
1010 1147
1011 1894
1012 1895
1012 7011
1014 7053
1014 5244
1015 3381
1015 2267
1016 1477
1017 3074
1017 1373
1018 6866
1019 1139
1020 4914
1020 1021
1021 4914
1022 2228
1022 1511
1023 1260
1023 4248
1024 3454
1024 1164
1026 1166
1026 2109
1027 1154
1028 2565
1028 1052
1029 1952
1030 5328
1030 4294
1032 6973
1032 6862
1033 7445
1035 4545
1035 1115
1036 1534
1037 2485
1037 4641
1039 6504
1039 4764
1040 1086
1042 4662
1042 1771
1043 1332
1043 1903
1044 5853
1044 4232
1045 4335
1045 5270
1046 6448
1047 1435
1047 4573
1048 2130
1048 6656
1049 2349
1049 7442
1050 1845
1050 2903
1051 1053
1052 1657
1052 1799
1053 1852
1054 4742
1055 5330
1055 2564
1056 1618
1057 2526
1057 2524
1057 7574
1058 6579
1058 3224
1059 3403
1061 1494
1062 5253
1062 4643
1064 4113
1064 1757
1065 4773
1065 1291
1066 1141
1067 1781
1067 3137
1068 3520
1068 1127
1069 1453
1069 6356
1070 4816
1072 5473
1073 3790
1073 3916
1074 7123
1074 6247
1075 5019
1075 2747
1076 7066
1076 4516
1077 4232
1078 2971
1081 3973
1081 1084
1082 2588
1082 4694
1083 1430
1085 1378
1086 3220
1087 4387
1087 1316
1088 3161
1088 6251
1089 2726
1090 1929
1090 4698
1091 1424
1091 2922
1092 1520
1093 4788
1094 1734
1094 6831
1095 1321
1096 1235
1097 3031
1098 1540
1098 1716
1099 5290
1100 1749
1101 2209
1102 5672
1102 1999
1103 2399
1103 1322
1104 7325
1104 5170
1105 4545
1105 3793
1106 4144
1106 7372
1107 2984
1107 5672
1108 3854
1108 1461
1109 5166
1109 5000
1110 6398
1110 2821
1111 1177
1112 1671
1112 1132
1113 1531
1114 2850
1114 1791
1115 4545
1116 7115
1116 7121
1119 1496
1119 4057
1120 3782
1120 2881
1121 6680
1121 5586
1122 6682
1123 1130
1123 1132
1124 3161
1124 6251
1125 2157
1125 3325
1126 6720
1126 6721
1127 3520
1128 4508
1129 4730
1129 4416
1130 1627
1130 1653
1131 2661
1131 2790
1134 4052
1135 5310
1135 1579
1136 1506
1137 1385
1138 5249
1138 5247
1139 4377
1140 5249
1140 5247
1142 7416
1143 7229
1143 6682
1144 1839
1145 1370
1146 2154
1148 5534
1149 5388
1149 3055
1150 7278
1150 1204
1151 6182
1151 3314
1152 6399
1153 2997
1155 1591
1156 3086
1156 3215
1157 1735
1158 2843
1159 5511
1159 1241
1161 5126
1161 2458
1162 5641
1162 5607
1163 1224
1163 1452
1164 3454
1165 1198
1165 1545
1166 4237
1166 2109
1167 1176
1167 1638
1168 1313
1169 1439
1169 3643
1171 6444
1171 6485
1172 5858
1172 1318
1173 1354
1173 2808
1174 5802
1174 4342
1175 2154
1176 3603
1176 1212
1178 1243
1178 5344
1179 4044
1179 3890
1180 7278
1181 5788
1183 3075
1184 4830
1185 6193
1185 5816
1186 1253
1187 2140
1188 2604
1188 2207
1189 4830
1191 3075
1191 3646
1192 4194
1193 5831
1193 1269
1194 5262
1194 2460
1195 6409
1195 7423
1196 4573
1197 1364
1198 1545
1199 4891
1199 6989
1200 2093
1201 1694
1202 2337
1203 6716
1203 6182
1204 1227
1205 2604
1206 2185
1206 2005
1207 2161
1208 1542
1208 2899
1209 3362
1209 2900
1210 2917
1211 1358
1213 2614
1214 1240
1214 2160
1215 1972
1216 1893
1216 1218
1217 7301
1218 3518
1219 2526
1219 2524
1219 7574
1220 1336
1221 5638
1222 7077
1222 3448
1223 3397
1224 1452
1226 4545
1227 4328
1228 4331
1228 2378
1229 3700
1229 6541
1230 1842
1230 3118
1231 6716
1231 6134
1232 1610
1232 2723
1233 5512
1234 1453
1235 2100
1236 2014
1237 5253
1237 4268
1238 3064
1239 1543
1240 2160
1242 1469
1242 3497
1243 4910
1244 2226
1246 2961
1247 1413
1247 3694
1248 1274
1249 5867
1249 6653
1250 5988
1250 6048
1251 5754
1251 1795
1252 1329
1253 1442
1254 7386
1254 7565
1256 4976
1256 4669
1257 1331
1258 6998
1258 3145
1259 3035
1259 5633
1260 2452
1261 3413
1262 3323
1262 1402
1263 6403
1263 1474
1264 5593
1264 3201
1265 3822
1265 6373
1266 2242
1266 4089
1267 2728
1268 2595
1268 2557
1269 6502
1270 4823
1270 2006
1271 3640
1271 2862
1272 2349
1272 5688
1273 7087
1275 2144
1276 2199
1277 1992
1278 2270
1279 4102
1279 1593
1280 2347
1281 1805
1281 2773
1282 3525
1282 1464
1283 6976
1283 6998
1284 1844
1285 1398
1287 2912
1288 6813
1289 1842
1290 7363
1290 1607
1291 1539
1292 5810
1293 3994
1293 2253
1294 6342
1294 2106
1295 6178
1296 5058
1296 6576
1297 3515
1297 1307
1298 6242
1298 3726
1299 1478
1300 2218
1301 5682
1301 5796
1302 2563
1302 5253
1303 7253
1303 5298
1304 1980
1304 1510
1305 7276
1305 1347
1306 2564
1306 4440
1307 3515
1308 5737
1309 3229
1310 4879
1310 1332
1311 3751
1312 4829
1312 1558
1313 5676
1314 3958
1314 1678
1315 4180
1316 2782
1316 4387
1317 3227
1317 1391
1318 3835
1319 2553
1319 4716
1320 2263
1322 2399
1323 4429
1323 4394
1324 2897
1324 2509
1325 3464
1326 3660
1326 2915
1328 3246
1329 4530
1330 3622
1330 1601
1332 3556
1333 6714
1333 6128
1335 5384
1335 5485
1337 5532
1338 2862
1339 6914
1339 6097
1340 1375
1340 2984
1341 1515
1341 2552
1342 5793
1342 7278
1343 5951
1343 4565
1344 3646
1345 3427
1347 1864
1349 2166
1349 2545
1350 3260
1351 2984
1351 1375
1352 1854
1352 1661
1353 2289
1353 4524
1354 1417
1355 1771
1355 3038
1356 1375
1356 2984
1357 2984
1357 5672
1358 5702
1360 2798
1362 2014
1362 7278
1363 1574
1366 3387
1366 1394
1367 1975
1367 1469
1368 3075
1368 1637
1369 2135
1371 1494
1372 2647
1373 3074
1374 3313
1375 5672
1375 2984
1376 4317
1376 4326
1377 3050
1378 5463
1378 1671
1379 3075
1380 3075
1381 5279
1381 5216
1382 6942
1382 1486
1383 2178
1383 2704
1386 1723
1387 2290
1388 1546
1390 1396
1390 4326
1391 3227
1392 2403
1393 4654
1393 5767
1395 4326
1395 1396
1396 4326
1398 1955
1399 3755
1399 3807
1400 7111
1400 1715
1401 1689
1401 1419
1402 3323
1403 4519
1405 7504
1406 5932
1406 5053
1407 1749
1408 2275
1408 2301
1409 1416
1409 1536
1410 3567
1410 7510
1411 3574
1411 3935
1412 2193
1413 3684
1413 2806
1414 4444
1414 2574
1415 6942
1416 2212
1416 5227
1418 6385
1418 5929
1419 1445
1420 1436
1420 1643
1421 4062
1421 1834
1422 7440
1422 4256
1423 2122
1423 2338
1424 2922
1425 1763
1425 1428
1426 6386
1426 3658
1427 1667
1428 1763
1429 3478
1429 1682
1431 1814
1431 7114
1432 6861
1432 1487
1433 1583
1434 2847
1434 1793
1435 1944
1436 1643
1437 1951
1437 1441
1438 3860
1439 3146
1439 3643
1440 3532
1440 1646
1441 1951
1443 7248
1444 4157
1446 2821
1446 3982
1447 3374
1447 1467
1448 1502
1448 1468
1449 4326
1450 1459
1450 2255
1451 2463
1451 4573
1452 1718
1452 2113
1454 3282
1455 1459
1456 5717
1456 2564
1457 3298
1457 4124
1458 2519
1458 1681
1459 2255
1460 6785
1460 6494
1461 3812
1462 5810
1462 3216
1463 2533
1463 3443
1464 3525
1465 3772
1466 5318
1466 4486
1467 3374
1468 1502
1469 1975
1470 2130
1471 1480
1473 7440
1474 6403
1475 2414
1475 6841
1476 5800
1480 1821
1481 2126
1482 2185
1482 2005
1483 4507
1483 5960
1484 3418
1485 1950
1485 6954
1486 6942
1487 5318
1488 4441
1489 1493
1490 2878
1491 6458
1491 1640
1492 6535
1494 1534
1495 3460
1495 2060
1496 1668
1496 4057
1497 4876
1497 4815
1499 3547
1500 6317
1503 2400
1503 1971
1504 4249
1504 1548
1505 1956
1505 1722
1507 1859
1507 3514
1508 2676
1509 6829
1509 6867
1510 2403
1511 2228
1512 5269
1512 1735
1513 1646
1514 1538
1514 1523
1515 1588
1516 3628
1516 3016
1517 3130
1517 2329
1519 4758
1520 3063
1522 6971
1522 7188
1523 2642
1524 6762
1524 3878
1525 2352
1526 6789
1526 2343
1527 5996
1528 6025
1528 5320
1529 7221
1530 1795
1530 2073
1531 2635
1531 1827
1533 4249
1533 6966
1535 6269
1535 5996
1537 1725
1537 2246
1538 1710
1538 1630
1540 1716
1541 4506
1541 7494
1542 3726
1542 2450
1546 4145
1547 5710
1547 1555
1548 4249
1549 1879
1549 1935
1550 5441
1550 1932
1551 6870
1551 1662
1552 1838
1552 1697
1553 2272
1554 1579
1555 5710
1556 2459
1556 5539
1557 4294
1557 2222
1558 4829
1559 6841
1559 7089
1560 7453
1560 4486
1561 1623
1562 1719
1562 1875
1563 2257
1563 5970
1564 5714
1564 5200
1565 2900
1565 2312
1566 1605
1566 4486
1567 2839
1567 1624
1568 6403
1569 4486
1570 2662
1570 3474
1571 2076
1571 5712
1572 3135
1572 4658
1573 2084
1575 2266
1575 1621
1576 2770
1576 5527
1577 3914
1577 1582
1578 5544
1578 5091
1580 1612
1580 4930
1581 2166
1581 1599
1582 3914
1584 1628
1585 1587
1586 2643
1586 2674
1587 6398
1589 3037
1591 1666
1592 1974
1592 1593
1593 1974
1593 4102
1595 2530
1596 6972
1596 4930
1597 2678
1597 5283
1598 6023
1598 1641
1599 6096
1600 1655
1600 1818
1601 1737
1602 3885
1602 1652
1603 6117
1604 3496
1604 4675
1605 2266
1605 2121
1606 2795
1607 4830
1609 5443
1609 2489
1610 2057
1610 2723
1611 1789
1611 2213
1612 3941
1612 2729
1613 5743
1613 1741
1614 4516
1615 4440
1615 5482
1616 1828
1616 1905
1617 1626
1617 2433
1618 2789
1619 4717
1620 6501
1621 2266
1622 3694
1624 2839
1625 4949
1625 2095
1626 1688
1626 2249
1627 1653
1628 2848
1629 2354
1629 5674
1630 1659
1631 1686
1631 1674
1632 2961
1633 4647
1633 3812
1634 1643
1635 5655
1636 6867
1636 7052
1637 3075
1638 1648
1639 3698
1639 6282
1641 6568
1642 6425
1642 2006
1644 2891
1644 2033
1645 1790
1646 3532
1647 7317
1650 1679
1651 6896
1651 2331
1652 3885
1654 3387
1655 2266
1656 2726
1656 2663
1657 1799
1658 5902
1658 2889
1660 3441
1660 3435
1661 1727
1662 2155
1663 2074
1663 1940
1664 1906
1665 1796
1666 2248
1668 4057
1669 2723
1669 1800
1670 1843
1670 2583
1673 3556
1673 3446
1674 1686
1675 1784
1676 5804
1677 5901
1678 4755
1679 3187
1680 3141
1680 2924
1681 2539
1682 4962
1683 4254
1684 1970
1685 7010
1687 2658
1688 2266
1689 2708
1690 3165
1690 3432
1691 2288
1691 2711
1692 3702
1693 2145
1693 4495
1694 2234
1695 3075
1696 2007
1696 6568
1697 1838
1698 3859
1699 6716
1699 3158
1700 6888
1700 6860
1701 2421
1701 2059
1703 1926
1704 1720
1704 2746
1705 3130
1705 6736
1707 7276
1707 5749
1708 1868
1709 3474
1709 2099
1710 2132
1711 4437
1711 5032
1712 2573
1712 1742
1713 7494
1714 7485
1714 7528
1715 3097
1717 1975
1718 2113
1719 6225
1720 2372
1720 1787
1721 1814
1721 2049
1722 1956
1724 2116
1725 2246
1725 2610
1726 2096
1728 2879
1729 3075
1731 2508
1731 2103
1732 1738
1732 2672
1733 3347
1734 5485
1735 5269
1735 6503
1736 3165
1737 4318
1738 7010
1738 4954
1739 5975
1739 1786
1740 5254
1740 2490
1742 2573
1744 2984
1744 3073
1745 1937
1745 2612
1746 6513
1746 6992
1747 1751
1747 2079
1748 6301
1748 5842
1750 5256
1750 2283
1751 2079
1751 1761
1752 5250
1753 3908
1753 2894
1754 1829
1754 2961
1755 2079
1756 6507
1756 6431
1757 2283
1758 7230
1758 6990
1759 1786
1759 5975
1760 2097
1760 1798
1762 6966
1762 3586
1763 4570
1763 3260
1764 4144
1765 3963
1765 6368
1766 1979
1767 3454
1767 2228
1768 3822
1769 7547
1769 7395
1770 5309
1770 1771
1771 5309
1772 2248
1773 5622
1773 4303
1774 1940
1775 1847
1775 1801
1776 1831
1776 1971
1777 3816
1778 2111
1779 3391
1779 6398
1780 6351
1781 2446
1782 4701
1782 1809
1783 1786
1783 5975
1785 1817
1785 3759
1786 5975
1787 5604
1787 6421
1789 2213
1791 2991
1792 6888
1792 3517
1793 5975
1794 2862
1795 4468
1795 5754
1797 5834
1798 2097
1800 3424
1801 1847
1802 3955
1802 5423
1803 6550
1804 6441
1805 2518
1806 4907
1806 5658
1807 2961
1808 2125
1809 4701
1810 2961
1811 4454
1811 6743
1812 7491
1812 7251
1813 2087
1814 2049
1816 1844
1817 2597
1817 2066
1819 1997
1821 6185
1822 2737
1822 2561
1823 3319
1824 2961
1825 1939
1825 6092
1826 5017
1826 1897
1827 4953
1827 4464
1828 1905
1829 2961
1830 2891
1831 2400
1831 1971
1832 3138
1833 4835
1833 7021
1834 6034
1835 7251
1835 4332
1836 3016
1837 3240
1840 5250
1841 1857
1841 1851
1842 3118
1843 2583
1845 2903
1848 4112
1848 4179
1849 2961
1850 5835
1850 6473
1851 1857
1853 1874
1853 1861
1855 6034
1855 2692
1856 1880
1856 1866
1858 6417
1859 3514
1860 1877
1860 1878
1861 1874
1862 2048
1863 1925
1863 6357
1864 6182
1865 2961
1866 1880
1867 4585
1867 4168
1868 2438
1869 5317
1869 3233
1870 3987
1871 2087
1872 3247
1872 1891
1873 5487
1873 4732
1875 2156
1876 2577
1877 1878
1879 4545
1879 1935
1880 1896
1881 5900
1881 3390
1882 4205
1883 1888
1883 2920
1885 1920
1885 2251
1886 6311
1887 6424
1887 7156
1888 3674
1889 7428
1889 4460
1890 4346
1890 3522
1892 3401
1894 4156
1895 5263
1896 1900
1897 1951
1899 5315
1899 4902
1901 4155
1903 3927
1904 6077
1904 5987
1906 7251
1907 6739
1907 5649
1908 2916
1908 7398
1909 1923
1909 4190
1910 3518
1911 3583
1913 2076
1914 3520
1914 6705
1915 2154
1916 5135
1917 6620
1917 2039
1918 1924
1918 2574
1919 1923
1920 2251
1921 2089
1922 4607
1922 5691
1924 4265
1924 2574
1925 3979
1926 3655
1927 7324
1927 4924
1928 6018
1928 6329
1929 2449
1929 2737
1930 2198
1930 1973
1932 1948
1933 4141
1933 2307
1934 7156
1934 2298
1936 3555
1936 2769
1937 2267
1937 3381
1938 2436
1940 2893
1941 7327
1943 3212
1945 2774
1946 2255
1947 2247
1947 4058
1948 1952
1949 2378
1949 2195
1950 4476
1950 4877
1952 6643
1953 3794
1953 2936
1954 5123
1954 2713
1955 5862
1957 6528
1957 7103
1958 5637
1958 4264
1959 4374
1959 5598
1961 6751
1961 3464
1962 2873
1962 2469
1963 2884
1963 5672
1964 3351
1964 3355
1965 2048
1966 2984
1966 5672
1967 2244
1968 3295
1968 6858
1969 3165
1971 2400
1973 5132
1974 4102
1975 2196
1975 2002
1976 6088
1977 2559
1977 2141
1979 3074
1979 2463
1980 1981
1981 5309
1982 5672
1983 6445
1984 4515
1984 2966
1985 5748
1985 5730
1987 2003
1989 2494
1989 5966
1990 3364
1990 3562
1991 5672
1991 3565
1993 2040
1994 2324
1994 2245
1995 2204
1995 2730
1996 1997
1998 7564
1998 5183
1999 2984
1999 5672
2001 6043
2002 6318
2003 6172
2004 3594
2004 2273
2006 6425
2007 2976
2007 6188
2008 3233
2009 2083
2010 5983
2010 4113
2011 2772
2011 2727
2012 2209
2012 4212
2013 3692
2014 6526
2014 2155
2015 2115
2015 2296
2016 2192
2016 5981
2017 3977
2017 4587
2018 4002
2018 2372
2019 2164
2020 5532
2021 7440
2021 4256
2022 2077
2022 2332
2023 3532
2023 2306
2024 4256
2024 7440
2025 2553
2026 2044
2027 2114
2027 4937
2028 3027
2028 2880
2029 4712
2029 2252
2030 2641
2031 6716
2031 3474
2032 3132
2032 6546
2033 3431
2034 4721
2035 3308
2036 3344
2036 5040
2037 2247
2037 7227
2038 3120
2039 3989
2039 3410
2040 2959
2040 3746
2041 4356
2042 2446
2043 6139
2043 6716
2045 2898
2045 4015
2046 2789
2046 5205
2047 3807
2049 3337
2050 5987
2050 2480
2051 6177
2051 6063
2052 7290
2052 7445
2055 3075
2055 6995
2056 5528
2057 2723
2058 4478
2059 2421
2060 6704
2060 3460
2061 2923
2061 2168
2062 6513
2062 4461
2063 2536
2064 6028
2064 4625
2065 5914
2065 4368
2066 2597
2067 2526
2067 2524
2067 7574
2068 2358
2068 2399
2069 5620
2070 3272
2071 5745
2072 4238
2073 3865
2075 6509
2075 6510
2076 2351
2077 3424
2077 2332
2078 3190
2078 4811
2080 2932
2080 2532
2081 4936
2082 3024
2083 6932
2085 6193
2085 2619
2086 5968
2086 5677
2087 3871
2088 2347
2090 2174
2090 2507
2091 2986
2091 3134
2092 6403
2093 4427
2094 3131
2094 7532
2095 6851
2097 4304
2097 2108
2099 4830
2101 4743
2103 2341
2104 6123
2104 2143
2105 3490
2105 3829
2106 6342
2108 5039
2108 4155
2109 4237
2112 2548
2112 5448
2114 4937
2115 2296
2116 4061
2117 2206
2118 6734
2118 6290
2119 2961
2120 2265
2121 3125
2122 2771
2122 2338
2123 5483
2123 5494
2124 7380
2124 3366
2125 2647
2126 5494
2126 3663
2127 2285
2128 2387
2129 4386
2129 6837
2130 7089
2130 6018
2133 5483
2133 5494
2134 3998
2134 2762
2135 2961
2136 3530
2137 4266
2137 2280
2138 6005
2138 6053
2141 2559
2141 2668
2142 2961
2143 6123
2144 3454
2145 4495
2146 4454
2146 6743
2147 6716
2148 6743
2148 2167
2149 4464
2150 7532
2150 3827
2151 2601
2151 2190
2152 3984
2152 4230
2153 2961
2155 3054
2156 7037
2156 4061
2157 6603
2158 2929
2158 2393
2159 7497
2160 4282
2161 5296
2162 6417
2162 5458
2163 2431
2164 7296
2165 7059
2165 6413
2166 5653
2166 4237
2168 5963
2170 3563
2171 7290
2171 7445
2172 2316
2172 6674
2173 5405
2173 3641
2174 2216
2174 2582
2175 7295
2176 2426
2176 5115
2177 3285
2178 2704
2179 3014
2179 6497
2180 3743
2180 2417
2181 5337
2181 6044
2182 5058
2182 2681
2183 4345
2184 5261
2184 2230
2186 3927
2187 2454
2189 3135
2189 6654
2190 2601
2191 2430
2191 4630
2192 5330
2192 2564
2193 2238
2194 2219
2195 4458
2196 5294
2200 4516
2200 2277
2201 2222
2202 6676
2202 6471
2204 2865
2204 4386
2206 2419
2208 2332
2209 4212
2210 3671
2211 2422
2211 2269
2212 5227
2216 2582
2217 2406
2218 2591
2219 2658
2220 2467
2220 5186
2221 6846
2221 7401
2222 4294
2223 2287
2223 4347
2224 6276
2225 4255
2225 5186
2227 2352
2229 6404
2231 6759
2232 2573
2235 2357
2236 5792
2236 5763
2237 6387
2237 3829
2238 4219
2239 2760
2240 4464
2240 2335
2241 3577
2241 2979
2242 6329
2243 3581
2243 2391
2244 4445
2245 2324
2247 4058
2249 3699
2250 5165
2252 4985
2253 3994
2254 4104
2254 4096
2256 4019
2256 2532
2257 3035
2259 2372
2259 2308
2260 3348
2260 2477
2261 2270
2262 5111
2262 2345
2264 6278
2264 3274
2265 2415
2267 3381
2268 3667
2269 2422
2271 7062
2271 7063
2273 4742
2274 5446
2275 2301
2276 4182
2276 4096
2277 5933
2279 2403
2280 2415
2281 3141
2283 5256
2284 2849
2284 2590
2285 5372
2285 5107
2286 2571
2287 6930
2287 2503
2288 3538
2288 2342
2289 3620
2290 4841
2291 6582
2291 7092
2292 6163
2292 5916
2293 2448
2293 3203
2294 2338
2295 6661
2297 3375
2298 7156
2299 2415
2300 6575
2302 2330
2303 7283
2303 2361
2304 4526
2305 2539
2306 3532
2307 4141
2308 3884
2309 6120
2310 2373
2311 2573
2311 7457
2312 5167
2312 5165
2313 6688
2313 5337
2314 4180
2315 3570
2315 2439
2316 5442
2316 4953
2317 5122
2319 6459
2319 4530
2320 2457
2322 7341
2322 5160
2323 6123
2326 3133
2326 2980
2328 2333
2329 3507
2334 5165
2334 5167
2335 6473
2335 2374
2336 2561
2336 2931
2339 2709
2339 4729
2341 3968
2341 2508
2343 5835
2345 3506
2346 5137
2346 4099
2348 5012
2348 2599
2349 3322
2351 3114
2352 2649
2353 4071
2353 4803
2354 4914
2354 6047
2355 4328
2355 6966
2356 5710
2356 4518
2358 2399
2360 4306
2360 2487
2361 7283
2361 2432
2362 3721
2363 3006
2363 3070
2364 5316
2364 2953
2365 3082
2366 2717
2366 2448
2367 7016
2367 6244
2368 6247
2368 6636
2369 3070
2369 3009
2370 3858
2371 5213
2371 2377
2372 3884
2373 2376
2373 2388
2375 3106
2375 4809
2376 2388
2377 5213
2378 4331
2380 2387
2380 6560
2381 6805
2381 4423
2382 6561
2383 3302
2383 7191
2385 5964
2385 5213
2386 4717
2386 3751
2387 2654
2387 6036
2389 3699
2389 2563
2391 4176
2392 7278
2392 5793
2393 2511
2394 2473
2395 3605
2396 4839
2396 6134
2397 2423
2398 4197
2398 4903
2401 5888
2402 3471
2402 3198
2404 6336
2404 5448
2405 3299
2405 2579
2407 2629
2409 3523
2409 2726
2411 5192
2411 6710
2412 5037
2413 3742
2413 2502
2414 5618
2416 2706
2417 3816
2418 5037
2422 2637
2423 3142
2424 3175
2424 3836
2425 6308
2425 2434
2426 5619
2426 5622
2427 3499
2427 3783
2428 3118
2429 2843
2430 4096
2430 3408
2432 3163
2433 4128
2434 4104
2434 4096
2435 3023
2435 2586
2436 5331
2436 2797
2437 2477
2438 5234
2439 3570
2440 3496
2441 2556
2441 2658
2442 5234
2443 4816
2444 4023
2445 3461
2445 3251
2447 2453
2448 3779
2448 2474
2449 2737
2450 3632
2450 3338
2451 6164
2452 6420
2452 3683
2454 4742
2455 3042
2455 3048
2458 3166
2458 2468
2459 5781
2461 3402
2461 3436
2462 6449
2462 4135
2463 3074
2464 6618
2464 5365
2466 6556
2466 4243
2467 4255
2467 5186
2468 3166
2469 4256
2470 5172
2470 6254
2471 4012
2471 3449
2472 3290
2472 4878
2474 3779
2475 6180
2475 7250
2476 4222
2476 2483
2477 4474
2477 3925
2479 6318
2480 5987
2481 3416
2481 3165
2482 4430
2482 3912
2483 4222
2484 7205
2484 2811
2485 5460
2485 2604
2487 2781
2488 3230
2488 2947
2490 5254
2491 2519
2491 2538
2492 2712
2493 5163
2494 3692
2495 3759
2496 4631
2497 2499
2497 2706
2499 3848
2499 2706
2502 5872
2503 6930
2503 2981
2504 2694
2504 2544
2505 4925
2505 4183
2506 4105
2506 3875
2507 2582
2508 3968
2510 3162
2510 2734
2513 2961
2514 3848
2514 2706
2515 2835
2516 2961
2517 2947
2520 5158
2520 4466
2521 3261
2521 2682
2522 5574
2522 5625
2523 5320
2523 5447
2524 5528
2526 3504
2527 6081
2527 5871
2528 3848
2528 2706
2529 4629
2529 2620
2530 2554
2531 3499
2533 3492
2533 2575
2534 3664
2534 2640
2535 3875
2536 4108
2536 4031
2537 5071
2538 3397
2540 2560
2540 5343
2542 4026
2542 2652
2543 5014
2543 3893
2544 2694
2545 7154
2546 6245
2546 2763
2548 4039
2548 5448
2549 5862
2549 3742
2550 4467
2550 5650
2551 3150
2551 2581
2553 3585
2553 4716
2554 3397
2554 3516
2555 6992
2556 3848
2556 2706
2557 5110
2558 5343
2559 2668
2560 2839
2562 2587
2562 3875
2564 2716
2564 5330
2565 4726
2567 5711
2567 3545
2568 5256
2569 4219
2570 4099
2571 2681
2571 2651
2572 6961
2572 7081
2573 3019
2575 5699
2576 3051
2578 3212
2579 3299
2580 4137
2581 3150
2583 2631
2584 2802
2584 4634
2585 2695
2585 3083
2587 3585
2588 2623
2589 7154
2592 3875
2592 5926
2593 2626
2594 4634
2599 5012
2600 3483
2600 3373
2602 3914
2603 4154
2603 3284
2605 6567
2606 5867
2607 5047
2607 5079
2608 2725
2609 5353
2609 3922
2610 2651
2611 2632
2613 5672
2613 2739
2614 2622
2615 4398
2615 4962
2616 6870
2618 5466
2618 4923
2619 6193
2620 5317
2621 5412
2621 3067
2624 2626
2625 3789
2626 4978
2626 5473
2627 4440
2627 4243
2628 5966
2629 3169
2630 3623
2631 5546
2633 5227
2634 5247
2635 6287
2635 7414
2638 3390
2638 5988
2639 3733
2640 2898
2641 6056
2642 3501
2643 2674
2645 4047
2646 2674
2647 2651
2648 3353
2649 3474
2650 3273
2650 2908
2651 2681
2653 3596
2654 3334
2655 5028
2656 3807
2656 2710
2657 2742
2657 4385
2658 3435
2658 2793
2659 4102
2665 4978
2666 6442
2667 4092
2670 4703
2671 3056
2671 2852
2672 6627
2673 4592
2674 2967
2675 6008
2675 5616
2677 3519
2677 4417
2678 5283
2679 6536
2682 3261
2683 4357
2683 4901
2684 3329
2685 5687
2686 4485
2686 7383
2687 5328
2687 6465
2688 7081
2688 2715
2689 7015
2689 5243
2690 4161
2691 3052
2691 4791
2695 3083
2695 3010
2697 3772
2698 3970
2698 3969
2700 3656
2700 4663
2701 5797
2702 3141
2702 3014
2703 4577
2706 3576
2706 3848
2707 3666
2707 6587
2708 3360
2711 3538
2714 5699
2716 5330
2718 7123
2718 6473
2719 7440
2719 5481
2720 6586
2720 2745
2721 4048
2721 4771
2722 3122
2722 5584
2724 3328
2726 3611
2727 3082
2728 2729
2731 6514
2731 5205
2732 3084
2732 3032
2733 6895
2733 3256
2734 3336
2735 6862
2735 6106
2736 3334
2736 4378
2738 4235
2738 3147
2739 3196
2740 3816
2741 5474
2742 2756
2743 5081
2744 3218
2745 6586
2746 7171
2747 7451
2748 2908
2749 4973
2750 5425
2751 7167
2753 4482
2753 4876
2754 5551
2756 3681
2757 5527
2758 3214
2758 2895
2761 5030
2761 4314
2762 3998
2763 6245
2764 2970
2764 3275
2765 3415
2766 5040
2767 5796
2767 5898
2768 7015
2768 4698
2770 5527
2770 5188
2771 3436
2772 3082
2773 3263
2775 6069
2775 2807
2776 3055
2776 2977
2778 2913
2778 2854
2779 6698
2780 5210
2780 6642
2783 5425
2783 4221
2787 5780
2787 3033
2788 2914
2789 4540
2789 5205
2790 2801
2791 7383
2791 4873
2792 3000
2792 2854
2793 3438
2794 4369
2794 5504
2796 5716
2796 4440
2798 4540
2798 5205
2799 2817
2801 5510
2802 4634
2803 3603
2804 5383
2805 3170
2806 3684
2807 6069
2809 2985
2809 3178
2811 4385
2811 2813
2812 4423
2812 3507
2813 4698
2814 3002
2814 3186
2816 3249
2817 3880
2817 3144
2818 4119
2818 2965
2819 2997
2819 6494
2822 7450
2822 4221
2823 3915
2824 2828
2824 5650
2825 7388
2825 5753
2826 3619
2828 7019
2828 4263
2829 3558
2830 3013
2830 3602
2831 6193
2831 6896
2833 3807
2835 4481
2835 3541
2836 3754
2836 3382
2837 4381
2837 3112
2838 3902
2838 2841
2840 5575
2841 4994
2843 3766
2844 3450
2844 3066
2845 7317
2846 4569
2847 7030
2848 4263
2849 5364
2850 4523
2850 4263
2851 6027
2852 3843
2853 6930
2854 2857
2855 2927
2855 3040
2856 4400
2856 2964
2857 3728
2858 4475
2861 5487
2861 2949
2863 3162
2863 3037
2864 3034
2864 2942
2865 4517
2866 6329
2866 7090
2867 3345
2867 2933
2868 5019
2869 3185
2870 4111
2872 3093
2872 7359
2873 2909
2873 2929
2874 3590
2875 3919
2875 2880
2877 6154
2877 2983
2879 3739
2880 3919
2881 3782
2882 3451
2882 3335
2883 3794
2883 5672
2884 5672
2884 2984
2885 6807
2886 3012
2887 2987
2888 7058
2889 4413
2889 6298
2890 5793
2890 4403
2894 7254
2895 2961
2896 3150
2896 3115
2897 4999
2898 3366
2899 6082
2900 3362
2901 5183
2902 3440
2902 3254
2903 5649
2904 4592
2905 4432
2905 7217
2906 4841
2906 4839
2907 7362
2907 5637
2908 3273
2909 4256
2910 4426
2910 2911
2911 4426
2914 5780
2915 4153
2915 3660
2916 4041
2918 5412
2918 5255
2919 4659
2920 2967
2921 7276
2922 6174
2923 5963
2924 5106
2925 6247
2926 6735
2926 2930
2927 3040
2928 3073
2928 3807
2930 3140
2931 3058
2933 3345
2934 3069
2934 3486
2935 5173
2936 3807
2937 3003
2937 3315
2938 4562
2938 3326
2939 5181
2940 4524
2941 3628
2942 3028
2945 3680
2946 5584
2946 4419
2947 2961
2948 2961
2949 4006
2950 2963
2950 3239
2952 7209
2952 6993
2954 3049
2955 3111
2955 2999
2957 5938
2959 3028
2960 2961
2962 6329
2964 4400
2965 3847
2966 3125
2968 3038
2968 4974
2969 2982
2969 6930
2970 2996
2970 3235
2972 2991
2973 2974
2973 3097
2974 5375
2974 4138
2976 3888
2976 3102
2979 4446
2980 3133
2981 3815
2984 5672
2985 7321
2985 7310
2986 6163
2988 2997
2989 6340
2989 5947
2990 3182
2991 3600
2992 3428
2993 3003
2994 3119
2995 3090
2996 4422
2998 3114
2999 3676
3001 3051
3002 3186
3003 3142
3005 3018
3005 3849
3006 3070
3007 3849
3007 3872
3008 4476
3008 3994
3009 3070
3010 3083
3011 3313
3013 7135
3013 3602
3014 3141
3015 3070
3016 3046
3017 4630
3018 3849
3020 6606
3021 3643
3021 4076
3022 6998
3024 3086
3025 3070
3026 5627
3026 3109
3027 4345
3028 4763
3030 5678
3030 6915
3031 5173
3031 3238
3032 4077
3033 5729
3037 3336
3039 3071
3039 4093
3041 7492
3042 3048
3043 4300
3044 3132
3044 7365
3047 4480
3050 3180
3052 3075
3054 5315
3055 5887
3055 4956
3057 3058
3057 5731
3059 5227
3061 4819
3061 5220
3062 7492
3065 3722
3066 3407
3067 5260
3069 4572
3069 3486
3071 4011
3072 7492
3073 3079
3076 4112
3077 3774
3077 3722
3078 7450
3078 3399
3079 3807
3080 3709
3081 3216
3081 5810
3085 3254
3086 3126
3087 5487
3088 4491
3088 5061
3090 4839
3091 3393
3092 3887
3092 3094
3093 7359
3094 3670
3094 3887
3095 5466
3095 4923
3096 3307
3098 3879
3098 4267
3099 3199
3100 5667
3101 7343
3101 3479
3102 3888
3103 5399
3103 5530
3104 4379
3104 3551
3105 6953
3105 5529
3106 4696
3106 6552
3107 4742
3108 3808
3108 4688
3109 3662
3110 4265
3110 3226
3111 3280
3112 4381
3113 3297
3115 3231
3117 4709
3117 4296
3121 4303
3122 5584
3122 3127
3124 6500
3124 6773
3127 5584
3128 3180
3129 4437
3130 6193
3131 5847
3131 5801
3132 4332
3134 3427
3135 4658
3135 6723
3136 3387
3137 3359
3138 5335
3138 3300
3139 4423
3140 6735
3141 4508
3141 3491
3142 5274
3144 3880
3146 3643
3147 3311
3147 6932
3148 5599
3148 4415
3149 4790
3151 3920
3152 3379
3152 4194
3153 4015
3153 3255
3154 3188
3154 3292
3156 3245
3157 7139
3157 3350
3158 4332
3158 5228
3160 3974
3161 6263
3161 6251
3162 3336
3164 5504
3165 6007
3167 4516
3167 3996
3168 4659
3170 4720
3170 4934
3171 3920
3171 3886
3172 4641
3172 5973
3175 3836
3176 6556
3178 4512
3179 3998
3180 3199
3181 3208
3182 6112
3182 6095
3183 6417
3184 3328
3184 4397
3186 4940
3188 3396
3189 3587
3190 3398
3190 3851
3191 3523
3191 4918
3192 6501
3192 3237
3193 3897
3195 6966
3197 3374
3198 3471
3200 5977
3200 5124
3201 6724
3201 5358
3202 4626
3204 6454
3204 5897
3205 7119
3205 4535
3206 3444
3206 3992
3207 3212
3207 5851
3209 3474
3209 6069
3210 4963
3210 3304
3211 6284
3211 6188
3213 7278
3213 5793
3216 3357
3216 5810
3217 4607
3217 5388
3218 3608
3219 3394
3221 5474
3223 3305
3225 4203
3226 7165
3226 4265
3227 3870
3228 3916
3228 4593
3229 3717
3233 5317
3236 4698
3237 6501
3238 5173
3240 3608
3241 3503
3242 5641
3243 4923
3244 6395
3248 4346
3248 3522
3250 3419
3250 3552
3251 3461
3252 4265
3253 6110
3253 3389
3254 3440
3255 6333
3256 3765
3257 3513
3258 6674
3259 4265
3260 4570
3262 4208
3263 5731
3264 3546
3265 4545
3265 6473
3266 4511
3266 4867
3268 3322
3268 3484
3269 3848
3270 4059
3271 5463
3274 7264
3276 5090
3277 3573
3277 3649
3279 6607
3279 5276
3280 3732
3281 3736
3281 3352
3282 3601
3284 4154
3286 6187
3286 3316
3287 3976
3287 3583
3289 4183
3289 7237
3290 4878
3291 4300
3291 4107
3292 3396
3292 3386
3293 3302
3294 3845
3294 3400
3295 5051
3296 5394
3297 4080
3298 4124
3299 3644
3300 6330
3301 4440
3301 4425
3303 3330
3306 4331
3306 5977
3307 3411
3310 4925
3311 6932
3312 4042
3313 5229
3315 3604
3316 6187
3317 3700
3317 4181
3318 6480
3318 6138
3319 4077
3320 6225
3322 4412
3325 5482
3326 4714
3327 6368
3327 4562
3330 3643
3331 3542
3331 3631
3332 5313
3333 6386
3333 5124
3335 3451
3338 3632
3340 3734
3340 3639
3341 3729
3341 3588
3342 3499
3343 4335
3343 4392
3344 4170
3344 6188
3348 4567
3348 3891
3349 6909
3349 3369
3351 3355
3352 3593
3352 3736
3353 6942
3354 3527
3356 5914
3357 5224
3358 5186
3358 3552
3359 4959
3360 3372
3361 3362
3361 5393
3362 5393
3362 7346
3363 4885
3363 6417
3364 4322
3366 7380
3367 7574
3370 3686
3370 3576
3375 3840
3376 6699
3377 5775
3378 3610
3378 3569
3380 4441
3382 3754
3383 3395
3383 3420
3384 5317
3384 4988
3385 6704
3385 3463
3386 3396
3387 6989
3388 3398
3389 5767
3391 6825
3393 5124
3395 3420
3397 3993
3397 3791
3399 6573
3400 3845
3401 3433
3402 3431
3402 3436
3403 6656
3404 5607
3404 6494
3405 5730
3405 5748
3408 4104
3408 4096
3409 6743
3409 3457
3410 3989
3412 3426
3412 4364
3414 4091
3414 4054
3415 3454
3416 7453
3417 7448
3417 4788
3419 3706
3419 3552
3420 4065
3421 3476
3422 4204
3423 3436
3423 4228
3424 6198
3424 3653
3425 5870
3425 6966
3426 4364
3428 3885
3431 3436
3433 3500
3437 3526
3438 3493
3439 5021
3442 4254
3443 4164
3444 3992
3445 7012
3446 3498
3448 7077
3449 4012
3450 3681
3450 5754
3454 3904
3455 3632
3455 3711
3456 4808
3459 6471
3459 6676
3460 6704
3462 4578
3462 4823
3463 7114
3464 6779
3465 6413
3465 3521
3466 6417
3466 6413
3467 3471
3468 3627
3468 3514
3469 4313
3470 3474
3472 6888
3472 6860
3473 4429
3473 5105
3475 7574
3476 7282
3477 7467
3479 4074
3480 4704
3480 4358
3481 4440
3482 4376
3482 7276
3483 4398
3483 4962
3484 4742
3485 6069
3485 6451
3486 4572
3487 3650
3487 3898
3488 7207
3488 7052
3489 3783
3490 3642
3490 3829
3492 3542
3495 3531
3495 3917
3496 5112
3499 3783
3502 4486
3502 4195
3503 7207
3504 4212
3505 6918
3506 4895
3506 4561
3508 3693
3508 3535
3509 3635
3509 3536
3510 4057
3511 3549
3511 3534
3512 5089
3514 3768
3514 3627
3517 6860
3517 6888
3519 6534
3519 4070
3520 3523
3521 6413
3522 3869
3523 4964
3524 4958
3524 6342
3526 4867
3527 3529
3528 4943
3528 4128
3529 4034
3530 4382
3531 3917
3533 4600
3533 3534
3534 3549
3534 4029
3536 3635
3538 3776
3539 5891
3539 5525
3540 3783
3541 4481
3543 3952
3543 5787
3544 4732
3544 6540
3545 6518
3549 4029
3551 4379
3552 3706
3554 3914
3555 4017
3555 5666
3557 3762
3560 4019
3561 3792
3562 3565
3564 3944
3564 5485
3566 3571
3566 5656
3568 4155
3568 4719
3569 3610
3571 4113
3571 3579
3572 5835
3572 6473
3573 4113
3573 3649
3574 4891
3575 3589
3575 4248
3576 3848
3578 3805
3579 4976
3580 5110
3580 6220
3581 6612
3581 4176
3582 6043
3583 3976
3584 4017
3584 6262
3586 6966
3588 3667
3589 4248
3591 6606
3591 6614
3592 6783
3593 3736
3594 3978
3596 3607
3598 5773
3599 5843
3599 4908
3600 3614
3600 5843
3601 4024
3605 4545
3606 7418
3606 7405
3609 4658
3612 5155
3613 3618
3613 4937
3614 4945
3614 5843
3615 4366
3615 7087
3616 6020
3616 5125
3617 6159
3617 5506
3618 4937
3619 5633
3620 4719
3620 6590
3621 3985
3622 6319
3624 6123
3624 7190
3625 3898
3627 3768
3629 6369
3629 6486
3630 6494
3630 4920
3631 4007
3633 5660
3634 4324
3634 3801
3636 6441
3636 4719
3637 3673
3638 3948
3638 3996
3639 3734
3641 7230
3645 5335
3645 5266
3647 6770
3647 4718
3652 3657
3653 3704
3655 4554
3655 3926
3656 4663
3658 6386
3659 6828
3659 6986
3660 4153
3660 4150
3661 5082
3661 4073
3662 6486
3665 3906
3665 3715
3666 4155
3669 3724
3669 3701
3670 3887
3671 6450
3671 3923
3672 4155
3674 4755
3675 5279
3676 5028
3677 3724
3678 5496
3679 6413
3680 4201
3680 4189
3681 5617
3681 3949
3682 3689
3682 6249
3683 4414
3683 6052
3685 6439
3685 4613
3686 4133
3686 3695
3687 6423
3687 5651
3688 3726
3689 6249
3690 3727
3690 4169
3691 6868
3695 4133
3698 6282
3700 6541
3701 3724
3703 3990
3705 6329
3705 3780
3707 4134
3708 6830
3708 6674
3710 4379
3713 6444
3713 5619
3714 3720
3715 3906
3717 5383
3717 4839
3718 3826
3719 3741
3722 3774
3723 7110
3723 4038
3725 7190
3727 4169
3731 4460
3731 7428
3732 3945
3735 4320
3735 4206
3738 3854
3738 4279
3739 4208
3739 4203
3740 4112
3740 5178
3741 5753
3742 5872
3742 5862
3743 4009
3743 5101
3744 5784
3744 5785
3745 5754
3747 5703
3747 4642
3749 6033
3749 6734
3750 6918
3751 4717
3752 5277
3753 5367
3753 5918
3755 3807
3755 3791
3756 3936
3757 7314
3758 4508
3761 7456
3761 5911
3764 7144
3766 3807
3769 4243
3769 4163
3770 4458
3771 4592
3775 3982
3776 3932
3776 4564
3777 7085
3777 6005
3778 6160
3778 3995
3781 3788
3781 3798
3784 5164
3784 4949
3785 4425
3785 6494
3787 4340
3787 4336
3788 3798
3789 3847
3790 3997
3790 3916
3791 3993
3792 4177
3793 4545
3794 5672
3794 4245
3795 5259
3795 5035
3796 3798
3797 5720
3797 5443
3798 3811
3799 4530
3799 5374
3800 5623
3801 4324
3803 4255
3803 5186
3804 4048
3804 4290
3807 5603
3808 4688
3809 5584
3810 3886
3812 4140
3812 4647
3813 5005
3813 3839
3814 5487
3814 5793
3816 4734
3817 7526
3817 6998
3818 4255
3818 5186
3819 4060
3820 4937
3822 6373
3823 7503
3824 3839
3824 4340
3825 6593
3830 5375
3832 4098
3833 4518
3834 4347
3837 5200
3837 5682
3838 5886
3838 4527
3840 6558
3840 5893
3841 5195
3841 4510
3842 5236
3843 4937
3844 5714
3846 4071
3846 4496
3850 3973
3850 4342
3851 6086
3852 5460
3853 4024
3854 4279
3855 3856
3857 5265
3858 4495
3860 6112
3860 6095
3861 4164
3862 6930
3863 4790
3864 7094
3864 6134
3865 4016
3866 3873
3867 7304
3867 6770
3868 6888
3868 6860
3869 4346
3871 4147
3875 4105
3876 6860
3877 5015
3877 4072
3878 6762
3879 4267
3881 4537
3882 4340
3889 4786
3890 4027
3890 4079
3891 4384
3891 4567
3893 6847
3893 6089
3894 3913
3896 3900
3898 3934
3899 4924
3899 4576
3901 7174
3902 4559
3902 4146
3904 3962
3906 4742
3910 3946
3911 4374
3912 4430
3915 4265
3916 3997
3919 4345
3921 6785
3922 4430
3925 4333
3926 4554
3928 7025
3929 5425
3929 4221
3930 4888
3931 3997
3931 5073
3932 4564
3933 4057
3934 4108
3934 4031
3936 4028
3937 4800
3937 5225
3938 7525
3939 4717
3939 4549
3940 7329
3940 7335
3941 4938
3942 4037
3942 6029
3944 4694
3945 4413
3947 4138
3948 4034
3948 3996
3950 5748
3950 5730
3951 4079
3952 5787
3953 5029
3953 3979
3954 6323
3954 4985
3955 5423
3956 5390
3957 3965
3958 5497
3959 4113
3959 4329
3960 6560
3960 6819
3963 7278
3963 5438
3964 4466
3966 7130
3967 7509
3969 3970
3972 4044
3973 4342
3975 6874
3975 4069
3977 5469
3977 7111
3978 4517
3979 5029
3980 4762
3980 4582
3981 5442
3982 4008
3983 4526
3984 4230
3988 6567
3991 5729
3995 4649
3995 6160
3996 4034
3999 6067
4000 7139
4002 4520
4004 7224
4004 5878
4005 5231
4005 6212
4006 7248
4009 5101
4010 6747
4011 5975
4012 6408
4014 5450
4014 6315
4015 6759
4016 5720
4017 5666
4018 5390
4020 6195
4020 7309
4021 4812
4021 4770
4022 4065
4023 4425
4025 6494
4025 4411
4026 4511
4027 4079
4028 6870
4030 4212
4031 4108
4033 4040
4033 4408
4035 4381
4036 4380
4039 6036
4039 5448
4041 4506
4042 4327
4043 7037
4043 4061
4045 5865
4045 5445
4046 5529
4046 6162
4047 4691
4047 4249
4048 4771
4048 4165
4049 4245
4050 4468
4051 4110
4052 6290
4053 4441
4054 4899
4056 6734
4056 5534
4057 7467
4061 7037
4061 4109
4062 6706
4062 4094
4063 5411
4064 4133
4066 6123
4067 4271
4067 5117
4068 5525
4069 6874
4070 4293
4070 6534
4071 4496
4072 4131
4073 4147
4074 4501
4074 4148
4075 6180
4075 5910
4080 4790
4081 5584
4082 4134
4083 4094
4083 6706
4086 4249
4087 7060
4087 7119
4090 7006
4091 4865
4091 4736
4093 6888
4094 4115
4094 6706
4095 4096
4096 4104
4099 5137
4100 4455
4100 4316
4101 4114
4103 4673
4104 4182
4106 5039
4106 4155
4109 7037
4115 6706
4116 5341
4116 5063
4117 5791
4117 4948
4118 4586
4119 4205
4121 4902
4121 7492
4122 5641
4123 5659
4123 6567
4125 4150
4125 5815
4128 4943
4129 4477
4130 5004
4132 4771
4135 5761
4138 5375
4140 4352
4143 4308
4143 4215
4144 5383
4146 4559
4147 5244
4148 4548
4149 4550
4150 4153
4151 6451
4155 5039
4158 6783
4158 4446
4160 7304
4161 4194
4162 6966
4162 4210
4163 4184
4163 4830
4165 4184
4166 4193
4166 4183
4167 4189
4167 4201
4168 4585
4168 5299
4170 4685
4172 4350
4172 4575
4173 4322
4173 4552
4174 4280
4174 4207
4175 5847
4179 4194
4180 4229
4181 4203
4183 4193
4184 4227
4185 5969
4185 5832
4186 6918
4187 5215
4187 6535
4188 5436
4188 4569
4189 5201
4189 4201
4192 4550
4193 4806
4193 4692
4195 5264
4195 4905
4196 4200
4197 4903
4198 6945
4199 5672
4200 4298
4202 5317
4202 4236
4203 4208
4204 4381
4207 4292
4207 4280
4211 5024
4213 4395
4213 4240
4214 5808
4214 4247
4216 7125
4216 5990
4217 7237
4221 5425
4223 4713
4224 6710
4224 4781
4225 6082
4226 5038
4228 4463
4231 5313
4231 4283
4234 7021
4235 4314
4235 5030
4236 5317
4238 5483
4239 6033
4239 4409
4241 6992
4241 4744
4242 6676
4243 6556
4243 7126
4244 5537
4244 5362
4246 6994
4247 4310
4247 4286
4249 4691
4250 4316
4251 4454
4252 5713
4252 5726
4253 5541
4253 4485
4254 6310
4255 5186
4256 7440
4257 4268
4257 4486
4258 5716
4260 4378
4262 4618
4263 5650
4264 4555
4264 6330
4265 7165
4266 4983
4268 4486
4269 5759
4270 6368
4270 6910
4272 4657
4273 5373
4273 4627
4275 4499
4276 4420
4278 5303
4278 5281
4280 4292
4283 5313
4284 7320
4285 5397
4286 4310
4288 4298
4289 7445
4289 4859
4291 4765
4291 4367
4293 5039
4295 4625
4296 4709
4297 6895
4297 6901
4299 4301
4300 4750
4301 4737
4302 4552
4302 4407
4303 6284
4303 5622
4304 4341
4305 4365
4306 7085
4307 4401
4309 7290
4309 7445
4311 4321
4312 7327
4313 4719
4314 5030
4316 4946
4316 4455
4317 4326
4317 4761
4321 5245
4321 4322
4323 6951
4323 4327
4325 7157
4327 6499
4328 5060
4329 6459
4330 6058
4330 5512
4334 4448
4335 5270
4336 4340
4337 7012
4339 5576
4339 5799
4341 4451
4341 4453
4343 5386
4343 5923
4344 4689
4349 4610
4349 4469
4350 4581
4350 4575
4352 4463
4353 5050
4353 5259
4354 5538
4354 7107
4357 4503
4357 4752
4358 5623
4359 5672
4360 4541
4360 4529
4361 4785
4361 4775
4365 6417
4366 5925
4366 7087
4367 4765
4368 5090
4369 5504
4371 6194
4371 6188
4372 4928
4374 5598
4375 4394
4375 6051
4376 7276
4378 6029
4381 6949
4382 4990
4383 5186
4384 4567
4389 4550
4390 5650
4391 4719
4393 7440
4394 6051
4394 6565
4396 5732
4397 6494
4398 4962
4399 6592
4401 6631
4402 5495
4402 5505
4403 5793
4404 5672
4405 5050
4405 5679
4406 5173
4406 4590
4407 4552
4410 5614
4410 5102
4411 6494
4412 7449
4414 6052
4417 4547
4418 6043
4419 5584
4421 4449
4422 5780
4423 6743
4423 5866
4424 5584
4426 5113
4428 4895
4428 4429
4429 4895
4429 4561
4431 6117
4432 4504
4432 7217
4433 4436
4434 4745
4434 4491
4435 6287
4436 6901
4437 4450
4438 6888
4438 6860
4439 5205
4440 5716
4443 6642
4443 4597
4444 6311
4447 6986
4447 6828
4448 4707
4449 5305
4450 7066
4451 4453
4452 5447
4452 6139
4453 5410
4454 5431
4455 4946
4456 4709
4457 6563
4457 6051
4458 6253
4460 7428
4461 6513
4462 5504
4464 4953
4465 4858
4466 5158
4467 6212
4468 5754
4469 4610
4470 5526
4470 5508
4471 4534
4471 4790
4472 4661
4473 4605
4474 4503
4475 7526
4476 6363
4476 4700
4477 5284
4477 4742
4478 5132
4478 4712
4479 5783
4482 4599
4484 4488
4484 4486
4485 5541
4487 6180
4487 5328
4489 4942
4490 5089
4490 7465
4491 4965
4493 5128
4494 4810
4498 4792
4499 5403
4502 6824
4503 5066
4504 7217
4504 6195
4505 6082
4505 4686
4506 7494
4507 5960
4509 5582
4513 5660
4514 5330
4516 4832
4516 7066
4517 7520
4518 5710
4519 5113
4520 4698
4524 5147
4524 4571
4525 4526
4527 6236
4527 5886
4528 6201
4529 4541
4530 5168
4532 6888
4532 6860
4533 6627
4533 7497
4534 4646
4535 5970
4536 6668
4539 5907
4539 7491
4540 5205
4542 5531
4542 4910
4543 5666
4543 4802
4544 4577
4546 5227
4549 6930
4551 6552
4551 4696
4552 5450
4552 6315
4553 4566
4554 4999
4555 6417
4556 5601
4556 5799
4557 5320
4558 4825
4560 4566
4562 4660
4563 6503
4565 5951
4568 5164
4571 5147
4574 4677
4575 4598
4576 4933
4577 7211
4577 5268
4578 7479
4579 4608
4580 5707
4582 7293
4583 5645
4584 4790
4585 5299
4586 4654
4588 7199
4589 4800
4589 4783
4590 5241
4591 6145
4591 7393
4595 4766
4595 4622
4596 5414
4597 4754
4598 5245
4601 4917
4601 4789
4602 4676
4603 4650
4603 4638
4604 6142
4606 4943
4606 4736
4607 4913
4612 7089
4613 6439
4614 4620
4615 4697
4616 4904
4617 4636
4617 4637
4619 7336
4621 6308
4622 4766
4623 4732
4623 4837
4624 4840
4624 7432
4627 5373
4628 6131
4629 5354
4631 7438
4632 4651
4633 5910
4635 4699
4635 4813
4636 4648
4639 5513
4639 4785
4640 5055
4641 5973
4642 5703
4643 5253
4644 4679
4645 7365
4649 6651
4650 4655
4653 6160
4654 5767
4655 4657
4656 6414
4656 5762
4661 5189
4662 5313
4664 5045
4664 5103
4665 7217
4665 6176
4666 5494
4667 5410
4668 6674
4669 7229
4671 5103
4674 4796
4675 5952
4678 4865
4680 5031
4680 5176
4683 4939
4684 5579
4686 5127
4686 5052
4689 6960
4690 5822
4690 5166
4691 5621
4691 4888
4692 4723
4693 5180
4694 4767
4695 6119
4695 5367
4696 6552
4697 5211
4699 4813
4700 6179
4704 4801
4704 6642
4705 5624
4705 4922
4706 6224
4708 7012
4710 7082
4713 5177
4713 5383
4715 4980
4718 4890
4719 6441
4720 4929
4720 4784
4721 4746
4724 4808
4725 6596
4727 4979
4727 4737
4731 6646
4731 6688
4733 6961
4735 5217
4735 4795
4737 5068
4739 5108
4740 5078
4741 5295
4741 5043
4743 4782
4743 4820
4744 4779
4745 4965
4745 5734
4746 4756
4747 6399
4748 4927
4749 4787
4757 5363
4757 4864
4758 5136
4758 5557
4760 6513
4760 7117
4761 7466
4762 7504
4764 6504
4765 4772
4769 7041
4770 4812
4773 4902
4774 5835
4774 4858
4775 4874
4776 6048
4776 5988
4779 7320
4780 4899
4781 5259
4782 4820
4783 4831
4783 4800
4785 5513
4785 5143
4786 5235
4786 5096
4788 7448
4789 4917
4793 5624
4797 5629
4798 7574
4799 6082
4800 4831
4801 6295
4802 5666
4804 4837
4805 4900
4809 5021
4810 5016
4812 4961
4817 7564
4818 5772
4819 4879
4821 6373
4824 5642
4824 7403
4828 4843
4828 5927
4832 7066
4833 4931
4834 6053
4835 7063
4836 5047
4840 7432
4842 5944
4843 6520
4843 5953
4844 5729
4845 5149
4845 5372
4849 6333
4850 4900
4851 7236
4851 6520
4854 5129
4854 4865
4855 4860
4856 5671
4856 5093
4857 6082
4859 6493
4860 6999
4861 5088
4861 4952
4862 6055
4862 5252
4866 5737
4867 5339
4869 4898
4870 5042
4872 5931
4872 7446
4874 5514
4876 5796
4878 6427
4880 6417
4881 6368
4883 5056
4883 5917
4885 5034
4885 4974
4888 5621
4889 5524
4891 6989
4892 4920
4894 4919
4894 5221
4897 5435
4899 5129
4901 4957
4902 5315
4906 6240
4907 6556
4908 5843
4909 6398
4910 5531
4910 5515
4911 5932
4911 5706
4912 5854
4912 7455
4914 4918
4915 5843
4916 4963
4919 5221
4920 6494
4921 4925
4922 5624
4923 5466
4924 6462
4924 6407
4927 5050
4930 6072
4932 5465
4932 5073
4934 4996
4935 5860
4941 6401
4943 5171
4944 5882
4945 5843
4946 5307
4947 5400
4948 6342
4951 5882
4951 5465
4952 5088
4953 5442
4954 5314
4955 5624
4956 5077
4958 6342
4960 5240
4961 5057
4965 5734
4965 6871
4966 5349
4966 4971
4967 5307
4968 7574
4969 5237
4971 5349
4972 5018
4973 6969
4973 6556
4975 5168
4975 6982
4976 5247
4976 5829
4977 6738
4977 5383
4979 5068
4982 5580
4982 5955
4983 5801
4983 5018
4984 7455
4985 6200
4987 5054
4987 7124
4988 5317
4989 5317
4990 5381
4991 5208
4991 5202
4993 6074
4994 6695
4994 6398
4995 7554
4995 6247
4997 5857
4998 5212
5000 5166
5002 5005
5003 7066
5006 6422
5008 6960
5008 5156
5009 5148
5009 5100
5010 6552
5011 7305
5011 6851
5013 5025
5013 5211
5014 6139
5017 6623
5017 6591
5020 7278
5021 5694
5023 5028
5025 5211
5026 6448
5031 5176
5033 6884
5033 5084
5038 6326
5038 6598
5042 5430
5043 5295
5044 7494
5045 5103
5046 5467
5046 5499
5049 5931
5049 7446
5050 5259
5051 5064
5052 5127
5054 7124
5055 5877
5056 5917
5057 5162
5058 6576
5058 5956
5059 6101
5059 5484
5060 7025
5061 5573
5062 5461
5062 6742
5063 5819
5064 5180
5065 5528
5065 5733
5067 7227
5067 6960
5069 5917
5072 5151
5072 5114
5074 5733
5075 6486
5077 5702
5080 6334
5080 5519
5082 6845
5084 7354
5084 6884
5085 5248
5086 7520
5087 5730
5087 5748
5089 5179
5091 5544
5092 5191
5093 5278
5094 5953
5095 5345
5097 6860
5097 6888
5098 5852
5098 5161
5099 7124
5100 5382
5100 5148
5102 5614
5105 5168
5105 5190
5106 6665
5108 5138
5109 5780
5110 5425
5114 5216
5118 6498
5118 5669
5119 7507
5119 7213
5120 5376
5120 5181
5122 7485
5123 5344
5124 6386
5125 5824
5126 6860
5126 6888
5128 5560
5130 6021
5134 5351
5134 7017
5135 6409
5135 6391
5136 5557
5138 5363
5139 5757
5140 7139
5142 6514
5144 5899
5145 6705
5146 7111
5149 5926
5150 7189
5152 6667
5152 7382
5153 5488
5154 7278
5156 7358
5157 6259
5159 6564
5160 6917
5161 5852
5165 5167
5166 5822
5169 5778
5171 5382
5173 5352
5174 5539
5175 5777
5177 6686
5182 5334
5182 5333
5183 7564
5184 5675
5185 5975
5187 5196
5192 5516
5193 5253
5193 5223
5194 7251
5194 7435
5197 5476
5197 5788
5198 6472
5198 6433
5199 5821
5199 5684
5201 5226
5203 6365
5203 6289
5204 5246
5207 5560
5209 5616
5214 5357
5215 7223
5215 6535
5216 5233
5216 5279
5220 5296
5222 5238
5223 5253
5230 6801
5232 5788
5232 5498
5233 5279
5235 5318
5238 5493
5239 5706
5242 6629
5243 7110
5245 5291
5246 5348
5247 5249
5248 7494
5249 5486
5250 6642
5255 5412
5258 7467
5258 5643
5263 5485
5264 5270
5266 5335
5268 5446
5269 6503
5272 5993
5272 6412
5273 7394
5275 5492
5275 5330
5277 6567
5280 5843
5281 5303
5282 7301
5284 5336
5285 7194
5285 5946
5286 5470
5286 5439
5287 5383
5287 6738
5289 6472
5289 6001
5290 7040
5291 5363
5294 5843
5295 5384
5296 5688
5297 5311
5299 6445
5301 6473
5302 6225
5308 5338
5310 5346
5312 5597
5312 5422
5319 6201
5322 5616
5322 7278
5324 5864
5325 6966
5327 6860
5327 6888
5329 5449
5329 5426
5330 5985
5333 5334
5336 5356
5337 6688
5340 6514
5341 5819
5342 5552
5342 5350
5345 5402
5347 7144
5347 5724
5350 5552
5352 5450
5353 7111
5354 5361
5354 5823
5355 5584
5356 5392
5358 6724
5360 5370
5361 5823
5362 5537
5363 5585
5363 5389
5367 6119
5371 7111
5374 5379
5377 5413
5377 5812
5380 5558
5383 6738
5385 7471
5386 6053
5387 7432
5392 5477
5395 7367
5395 7307
5396 5408
5396 5428
5399 5730
5399 5748
5401 5580
5401 7454
5402 5852
5403 5615
5403 5758
5405 7434
5406 6636
5406 6180
5407 5422
5410 5422
5413 5590
5413 5812
5415 5572
5416 5930
5417 6081
5417 5871
5418 5917
5420 5588
5421 5444
5426 5584
5427 6143
5427 6333
5432 5910
5433 7453
5434 5671
5440 5648
5445 5495
5447 5985
5447 6627
5449 5588
5450 6315
5451 7574
5452 7039
5452 5657
5454 5658
5455 5947
5456 5730
5456 5748
5457 7111
5458 6417
5459 5467
5462 7428
5464 6050
5464 5559
5468 6738
5469 6023
5470 6065
5471 5599
5471 6360
5472 5668
5472 7263
5476 5915
5478 6638
5479 6229
5480 5493
5482 5961
5482 5919
5483 5494
5484 6101
5486 5495
5490 6137
5490 6387
5492 5745
5501 5975
5502 6358
5506 5975
5507 6171
5507 6002
5512 6058
5515 5531
5519 6334
5521 5607
5522 5801
5523 6200
5525 5891
5526 6939
5526 6702
5528 6007
5529 6953
5530 6752
5533 5658
5534 6028
5535 5682
5537 6604
5540 7251
5542 6423
5543 5606
5543 6523
5544 6721
5545 7432
5545 6268
5547 6542
5549 6683
5549 6624
5551 6310
5554 7390
5555 5659
5555 6567
5556 5985
5560 6780
5561 5603
5561 6108
5563 5623
5564 7392
5564 7398
5567 6889
5567 6064
5568 5588
5569 6730
5569 5583
5570 5873
5570 7083
5571 6998
5572 5932
5573 5910
5574 6549
5574 5625
5575 7125
5575 5990
5576 5799
5578 6125
5578 7054
5581 5680
5582 6998
5583 6730
5584 6150
5586 6680
5588 6746
5590 5812
5591 5986
5591 5654
5592 5719
5592 6262
5593 6204
5596 5793
5596 6910
5599 6360
5600 6059
5600 6339
5602 6183
5602 5813
5604 6377
5605 6024
5606 6024
5610 7324
5610 6390
5611 6896
5611 6206
5612 5798
5615 5758
5616 6008
5618 7278
5618 6204
5622 6284
5626 6494
5626 6171
5628 6165
5628 5733
5631 6110
5632 5672
5633 6763
5635 7142
5638 5652
5639 7117
5641 5803
5642 7403
5644 6813
5644 6172
5645 5671
5646 5672
5651 6153
5654 5986
5657 6211
5659 6552
5659 6567
5662 6525
5663 6458
5663 6390
5664 7045
5665 7045
5667 6225
5668 6986
5669 6498
5673 7574
5674 6976
5674 6998
5675 5758
5676 7025
5677 5968
5681 5794
5683 6145
5684 5821
5685 7389
5685 6712
5686 7439
5689 7004
5690 6085
5693 5975
5694 6629
5695 5974
5695 5771
5697 7019
5697 6590
5698 7262
5698 7050
5699 7359
5701 7492
5701 5704
5704 6672
5705 5801
5706 5920
5707 5734
5708 6517
5711 6064
5713 5726
5715 6556
5717 6871
5718 7052
5718 6250
5719 6262
5721 7094
5721 6350
5722 6414
5723 7367
5723 7307
5727 6246
5728 6573
5728 6139
5729 5780
5730 5748
5732 6657
5736 6976
5736 6998
5738 5740
5739 5748
5744 5748
5746 6499
5746 5889
5749 6966
5751 6213
5752 6222
5753 7388
5755 6097
5755 5878
5756 5759
5759 6485
5760 6253
5760 6966
5762 5965
5764 6460
5765 6514
5766 6171
5766 5830
5767 5771
5768 5910
5768 7363
5769 6601
5769 6944
5770 5812
5770 5881
5771 5837
5774 6495
5774 6362
5775 6695
5776 6231
5776 5779
5779 6495
5779 6231
5782 5795
5782 5789
5784 5785
5786 6384
5786 7205
5787 6477
5788 5915
5789 5795
5792 6469
5793 7327
5793 7278
5794 6721
5797 7449
5803 7152
5803 6865
5804 6786
5804 5806
5805 5808
5806 6786
5808 5833
5808 5838
5809 6349
5811 6335
5811 7497
5812 5881
5814 6653
5817 6115
5820 6049
5824 7154
5825 6024
5827 5868
5828 6998
5830 5933
5831 6502
5832 5843
5833 5859
5833 5838
5834 5909
5835 6473
5836 5933
5837 5974
5838 5859
5839 7103
5841 7315
5842 6301
5844 7152
5845 6741
5845 7305
5848 5866
5848 6040
5849 7101
5849 5910
5850 7446
5851 7121
5853 6128
5853 6060
5854 7455
5855 6245
5866 6040
5867 6653
5868 6248
5869 5907
5869 6219
5870 6374
5871 6081
5873 7083
5874 6663
5874 5972
5876 5884
5878 7224
5883 6796
5885 7266
5885 5954
5886 6236
5887 5889
5890 6230
5892 7004
5893 6558
5894 7214
5894 5984
5895 7298
5895 7117
5896 6538
5896 6639
5897 7409
5899 7402
5900 6079
5904 7121
5904 6009
5907 7311
5910 7347
5911 6439
5911 7456
5912 6679
5916 6163
5917 7375
5919 5961
5921 6087
5924 6039
5924 5936
5924 5995
5925 6508
5928 7087
5929 6385
5930 6815
5930 6339
5931 7446
5934 6573
5934 6896
5935 7254
5936 6039
5936 5995
5937 6321
5939 6039
5939 5995
5940 5974
5941 6041
5941 6049
5943 6906
5944 5991
5945 6321
5946 6134
5949 7356
5950 6694
5952 6631
5952 6426
5953 6520
5954 6467
5955 7482
5957 5964
5957 5963
5958 6086
5959 5964
5959 5963
5962 6691
5962 6713
5963 5964
5965 6820
5967 7227
5967 6960
5971 7058
5972 6033
5973 5975
5976 6882
5976 6222
5977 6386
5978 7261
5978 6266
5979 6825
5980 7103
5982 6301
5982 6288
5983 6379
5984 7249
5984 7214
5988 6048
5990 7125
5992 6887
5992 5998
5993 6412
5995 6039
5996 6269
5997 6887
5997 5998
5998 6887
5999 7167
6000 6983
6000 6306
6002 6721
6003 6966
6004 6983
6004 6306
6005 6323
6006 6910
6008 7063
6009 7121
6010 6095
6010 6112
6012 7067
6012 6893
6013 6071
6013 6608
6014 6180
6015 7015
6015 6320
6016 6713
6018 6329
6019 7043
6019 6630
6020 6151
6020 6137
6022 6262
6025 7524
6025 7522
6026 6184
6028 6616
6030 6098
6031 6660
6032 6149
6032 6152
6033 6734
6035 6557
6037 6432
6042 6188
6042 6089
6057 6519
6057 7429
6059 6248
6060 6128
6061 7052
6062 7391
6062 6113
6063 6207
6063 6177
6064 6889
6066 6188
6067 6076
6069 7521
6070 6337
6071 6608
6073 6201
6073 6733
6076 6698
6077 6255
6080 6346
6080 6258
6084 6398
6084 6593
6088 6164
6089 6188
6090 7101
6093 6459
6094 6541
6094 6592
6095 6112
6100 6234
6100 6107
6102 6879
6103 6650
6104 6694
6105 7407
6105 6649
6107 6234
6108 6260
6109 6724
6110 6136
6110 6144
6111 6649
6111 7407
6113 6649
6114 6165
6117 6635
6118 6778
6120 6196
6122 7537
6124 6132
6124 6144
6125 6144
6127 6511
6129 6676
6130 6386
6132 6136
6132 6144
6133 6144
6133 6136
6134 6203
6134 6164
6136 6144
6137 6151
6138 6143
6138 6144
6140 6168
6140 6781
6141 6346
6141 6258
6143 6144
6146 6358
6148 6862
6156 6566
6156 6265
6157 7251
6158 7132
6161 6494
6162 6171
6168 6648
6169 6170
6175 7380
6175 7537
6177 7178
6182 7078
6183 6627
6184 6887
6189 6748
6189 6293
6190 6631
6193 6896
6195 7217
6199 7291
6199 7410
6202 6532
6202 6469
6204 6206
6205 6919
6208 6743
6208 6413
6209 6237
6210 6603
6213 6291
6215 6289
6215 6294
6216 6697
6216 7503
6219 7528
6222 6232
6222 7273
6223 6430
6226 6327
6227 6966
6228 6232
6228 6314
6230 6975
6231 6495
6235 6431
6238 7183
6239 6722
6239 7494
6241 6634
6242 6832
6243 7154
6244 6717
6247 7554
6250 6655
6251 6263
6252 6316
6253 6634
6255 6279
6257 6824
6259 7523
6259 6980
6261 6294
6264 7372
6265 6808
6266 7261
6267 6824
6268 7432
6271 6595
6273 6361
6274 6900
6274 6636
6275 6773
6275 6587
6276 6448
6277 6282
6277 6899
6280 6592
6281 6769
6281 6670
6285 6758
6289 6365
6291 6631
6291 6563
6296 6942
6297 6936
6300 7111
6302 6719
6302 7413
6303 6324
6304 6734
6306 6983
6309 6942
6309 7255
6313 7222
6313 6396
6314 7332
6320 6391
6321 6406
6322 6942
6325 7457
6326 6551
6326 6795
6332 6387
6333 6883
6335 6699
6335 6455
6337 6771
6341 6545
6343 7125
6344 7096
6344 6891
6345 6378
6347 6469
6348 6469
6350 7094
6354 6397
6356 6910
6360 6373
6362 6495
6364 6413
6364 6376
6368 7047
6368 6910
6369 6486
6372 7008
6374 6414
6375 6786
6376 6491
6377 6708
6379 6602
6379 6506
6380 6556
6380 6382
6382 6501
6384 7207
6384 7052
6390 6902
6391 6393
6391 6409
6392 7446
6393 6416
6394 6781
6395 6652
6396 7222
6400 6881
6401 7208
6402 6508
6402 7024
6404 6638
6407 6462
6411 6798
6411 7445
6413 6885
6416 6487
6418 6854
6418 6829
6419 6584
6419 6729
6424 7156
6426 6839
6426 6840
6429 6432
6429 6589
6430 6839
6431 6939
6432 6437
6434 7323
6435 6602
6435 6793
6436 6932
6438 6458
6439 7400
6443 6810
6443 6601
6444 6980
6445 6811
6449 6910
6453 6889
6453 6863
6454 7105
6455 6699
6457 7003
6461 6596
6461 7233
6464 6655
6464 6689
6467 7266
6468 7492
6468 6526
6469 6532
6470 7145
6471 6676
6472 6643
6472 7079
6475 6716
6477 6481
6478 6950
6478 7217
6479 7046
6481 6527
6488 7288
6490 7202
6492 6821
6493 6547
6499 6938
6499 6536
6500 6773
6505 6559
6505 6569
6506 6761
6506 7352
6509 6510
6511 7100
6511 7087
6512 6682
6512 7229
6516 6614
6516 6524
6519 7037
6522 7282
6522 6929
6523 6850
6525 7046
6525 6848
6528 7103
6531 6863
6533 7210
6535 7223
6536 6938
6541 6592
6542 6695
6544 6895
6544 7219
6548 7139
6551 6795
6554 7290
6554 7445
6556 6969
6557 6616
6559 6668
6559 6597
6560 6819
6566 6808
6566 6879
6568 7414
6571 7290
6571 7445
6573 6596
6574 6751
6578 7566
6579 6637
6581 6740
6581 6886
6582 7303
6584 7294
6585 6850
6586 6947
6588 6703
6591 6623
6597 6668
6598 6795
6599 6610
6599 6617
6600 6816
6602 6793
6606 6614
6608 6670
6608 7355
6610 6617
6619 7374
6621 6821
6622 6815
6624 6683
6625 6986
6626 7288
6628 7142
6630 7043
6632 6824
6634 6741
6635 7523
6636 6900
6637 7002
6640 6804
6642 6807
6646 6716
6647 6921
6647 6959
6648 7197
6648 6649
6649 7407
6649 7458
6650 6856
6652 6712
6654 7325
6655 6689
6656 6716
6657 6724
6658 6955
6659 6827
6659 6690
6662 7294
6664 6687
6664 7069
6666 7052
6668 6749
6669 7121
6669 6675
6670 6769
6671 6923
6671 6678
6673 6696
6674 6830
6675 7121
6677 7397
6678 6923
6680 6735
6681 7267
6682 7229
6684 7458
6685 6716
6686 7028
6690 6827
6691 6713
6692 6885
6692 6711
6693 7029
6693 7104
6695 6839
6695 6894
6699 7322
6702 6743
6702 6939
6703 7087
6707 6961
6707 7081
6712 7389
6715 7080
6715 6922
6718 7072
6718 6792
6719 7413
6719 6725
6720 6721
6722 7464
6722 6903
6725 7413
6726 6912
6732 6966
6740 6886
6741 7305
6744 6891
6745 6956
6745 6838
6746 6804
6749 6765
6750 7057
6751 6779
6753 6912
6755 7359
6756 6806
6761 6931
6761 7168
6763 7283
6764 6766
6767 6958
6768 7574
6770 7304
6771 7496
6772 7399
6774 7244
6774 6869
6776 7018
6776 7044
6777 7056
6777 6977
6780 6967
6780 6917
6781 7166
6782 6793
6782 7095
6784 7032
6784 6791
6785 6802
6786 7098
6787 6788
6789 6928
6791 6923
6791 6924
6792 7161
6792 7016
6794 7059
6797 6869
6798 6800
6798 7290
6800 7290
6805 6870
6808 6824
6814 7109
6814 6875
6816 7109
6817 7158
6818 7360
6818 6981
6820 6823
6826 7115
6828 6860
6828 6888
6829 6867
6829 7518
6831 7281
6832 6946
6832 6833
6833 6946
6833 6925
6835 6860
6836 7116
6837 7132
6839 6840
6839 6894
6842 7493
6843 6854
6843 6867
6846 7401
6847 6849
6848 7046
6850 7156
6851 7305
6853 6858
6854 6867
6854 7518
6857 7453
6859 6941
6859 6950
6860 6888
6863 7097
6865 7152
6867 7312
6868 6941
6869 7244
6872 6948
6872 7322
6875 7026
6875 7080
6881 6966
6889 7097
6890 7167
6891 7096
6895 7219
6897 6972
6898 7574
6899 7107
6903 7425
6906 7245
6908 7024
6909 6942
6912 7407
6914 6949
6916 7515
6916 7216
6918 6920
6919 7000
6921 7252
6922 7080
6925 7036
6927 7407
6929 6957
6931 7168
6937 6966
6940 7326
6940 6985
6941 7068
6943 7086
6945 6952
6946 7116
6948 7322
6950 7217
6950 7002
6951 7073
6951 7038
6956 7277
6956 7120
6958 6972
6959 7099
6959 6979
6960 7227
6961 7083
6961 7081
6963 7218
6964 7188
6964 6971
6971 7188
6973 7090
6973 6974
6974 7402
6976 6998
6977 7056
6981 7217
6984 7056
6987 7563
6988 7100
6990 7230
6993 7209
7001 7041
7003 7490
7011 7070
7013 7315
7016 7161
7018 7044
7020 7416
7020 7163
7022 7113
7022 7031
7023 7337
7026 7080
7029 7104
7031 7113
7033 7059
7034 7085
7038 7073
7042 7194
7049 7201
7049 7258
7050 7262
7052 7207
7053 7493
7055 7235
7060 7119
7062 7415
7062 7063
7072 7150
7072 7331
7075 7077
7077 7088
7080 7109
7081 7083
7092 7303
7093 7178
7097 7220
7100 7279
7102 7115
7102 7121
7108 7210
7115 7121
7117 7298
7118 7148
7118 7141
7120 7277
7122 7215
7126 7181
7130 7182
7131 7270
7131 7175
7133 7542
7134 7445
7134 7245
7137 7192
7137 7304
7138 7165
7141 7148
7146 7242
7146 7151
7147 7262
7148 7260
7149 7427
7150 7331
7151 7242
7162 7179
7163 7164
7166 7177
7169 7171
7171 7283
7175 7270
7176 7432
7179 7228
7185 7351
7185 7269
7186 7265
7189 7196
7192 7458
7193 7197
7195 7339
7196 7238
7197 7407
7201 7370
7201 7258
7203 7240
7203 7212
7204 7235
7208 7232
7212 7240
7213 7507
7214 7249
7215 7217
7216 7220
7216 7515
7217 7228
7220 7515
7221 7449
7222 7244
7231 7325
7232 7272
7234 7256
7235 7253
7239 7241
7242 7338
7245 7324
7258 7370
7259 7358
7260 7333
7268 7292
7269 7387
7270 7286
7273 7284
7275 7317
7278 7318
7282 7464
7285 7398
7285 7392
7286 7407
7291 7375
7291 7410
7295 7519
7296 7376
7303 7322
7307 7367
7308 7317
7308 7385
7310 7321
7314 7316
7314 7317
7316 7317
7316 7397
7329 7335
7330 7332
7334 7490
7338 7356
7339 7340
7349 7353
7361 7433
7368 7489
7370 7396
7375 7410
7379 7380
7380 7537
7382 7391
7389 7391
7399 7494
7405 7418
7406 7530
7406 7457
7415 7436
7418 7568
7419 7427
7420 7534
7425 7437
7428 7485
7429 7474
7438 7448
7442 7500
7454 7481
7457 7530
7457 7512
7467 7501
7473 7475
7474 7528
7476 7478
7476 7524
7477 7528
7478 7527
7478 7495
7479 7505
7479 7499
7480 7512
7484 7519
7485 7528
7488 7549
7488 7508
7489 7492
7490 7492
7495 7527
7499 7505
7510 7519
7512 7530
7513 7528
7521 7553
7522 7533
7529 7530
7535 7536
7536 7540
7538 7573
7543 7567
7544 7573
7544 7545
7547 7561
7547 7574
7555 7558
7561 7574
