415
6116
4153
3820
5175
7134
6742
3168
1293
6310
6699
819
2767
3763
7139
4555
5257
5526
4335
2421
759
2348
3105
7245
18
413
2675
808
1717
3345
480
6829
3192
387
297
6005
6221
3011
284
1419
6199
6682
6928
4517
3781
1202
701
5576
5223
5928
1952
672
5284
6458
2093
5115
3001
4923
6288
3542
466
2426
4397
1250
4930
4982
97
6461
1300
6814
3170
4487
5542
2550
3258
2814
1768
423
5804
3344
4941
5496
2500
5532
1972
2773
4575
5652
257
6805
5687
2530
727
1070
1613
5335
4297
4346
4139
2026
4819
1962
191
6011
4780
5885
3196
6471
2261
3767
6533
6243
1025
4889
2854
6462
625
3177
6923
4712
1148
2762
5501
4746
6435
6350
5662
4371
7202
6299
5528
5721
7084
5159
4783
4805
3463
3458
6981
1381
4528
6921
2212
6925
2663
4287
5611
1290
4677
5581
62
2596
1242
6349
7252
6642
1920
6143
7224
3731
1980
5500
2678
6052
3684
4316
5089
2317
1865
4038
2308
7476
1198
1782
1422
429
5251
734
4246
1361
5003
3353
5088
798
536
6859
747
867
1708
3645
4149
4898
5452
3782
3497
6404
6261
2035
5950
2674
998
6485
6196
118
4181
4770
5227
3405
2786
2309
649
6666
2080
4698
3093
5615
5217
1500
7127
3027
334
900
3385
220
7432
3238
120
178
6322
7260
5608
2496
2462
1858
3704
1814
999
6344
6624
6170
4859
5613
4402
996
2735
2248
809
311
2554
766
2233
1697
6239
6193
729
950
6901
3687
1188
2171
3390
6907
5070
5398
6613
1618
2761
680
6453
7551
3155
1539
5756
7002
6408
4020
140
3750
7428
2440
6673
3722
5877
521
2403
4952
1379
6527
3694
5726
2512
197
6352
7555
3432
2240
2053
7116
7416
460
6082
4607
4686
5742
3328
1609
4150
5032
3574
6935
5043
7251
83
2220
1884
6747
1229
1740
3097
1649
2475
2046
5176
2638
2548
6705
654
2282
5951
1169
6117
6388
442
1451
1885
4842
7102
1332
4576
4926
3880
2828
1715
1467
3191
1969
1196
2391
6817
540
6875
6290
5171
1262
1571
1902
4911
2450
4283
260
7265
6159
3389
272
2557
2079
4833
4201
1409
4429
4647
2856
2779
5650
4415
1480
5068
6502
6827
391
5071
756
617
6436
7208
687
6994
1042
4300
2780
7196
6628
2397
3877
6509
2900
7162
1274
5019
2292
5193
6845
3914
2313
993
4628
6669
3550
1121
3619
426
253
6015
6430
3000
6753
7280
3822
3613
4010
3036
2694
6108
4385
1466
3691
3074
2959
3766
3291
5195
6313
919
5346
4912
2748
1420
3688
202
5955
6065
1655
3065
7212
7031
1304
1678
578
1511
3070
5633
3897
4883
5964
1407
1935
3768
104
5125
1382
6881
7158
909
2399
1895
4315
2383
6106
7232
7370
1976
5073
7480
1847
3111
7184
1656
6353
4563
3500
650
2260
832
4262
5903
6621
1733
6562
5453
4729
3410
3392
1999
1911
1301
5775
785
509
2301
427
3424
1812
4022
2973
1275
6662
3264
444
6328
6539
6478
1882
3882
3917
5685
4672
321
7161
67
3438
2572
1675
6073
6474
4567
696
4825
3597
1080
5072
3099
2159
758
2488
3912
2924
4198
1687
4784
5539
